,X1,X2,X3,X4,X5,X6,X7,X8,X9,Label,f
0,1.034107982717493,1.3025886265365743,1.7199786841250964,0.7044892236213207,0.5332736632745447,0.6336168472688994,0.7103917103535884,0.5949973892590192,0.4057557864652995,0,0.02108890850433011
1,1.5285336019462834,1.1098600823813285,1.5170266532592942,0.48441166906147953,0.7131726587539544,0.2936241243410781,0.6455457354536631,0.6859896218223145,0.7285804235819614,0,1.8355809300765566e-05
2,1.0668919377625157,0.24040398681297837,0.9202993366967933,0.4167120065436957,0.735070782027373,0.36425794644019016,0.5240528700413719,0.5753138586609712,0.4112004767708447,0,0.0959396190682927
3,0.10117964188595317,0.8099826210205797,1.8076373605765728,0.42081810357517047,0.6683876769536755,0.49833762112249286,0.5086922271938852,0.2584709722621284,0.28598623822063546,0,0.06005724460622659
4,1.7529368794192168,0.39380570170649853,0.44474391866709095,0.7449409182917716,0.3204810077370557,0.28245024688046666,0.6547251739519236,0.7305138252968859,0.33991358473709077,5,1.1963558745061038
5,1.216343251953124,1.4493979404298785,0.7879145997197806,0.29551565131917323,0.6604017957592889,0.4226526970082686,0.7129788450922341,0.7338999974600857,0.27470247109985646,0,0.03932570563539785
6,1.8348739415887887,1.1179879282460128,1.9679127379982055,0.5546386638398324,0.7137353736271467,0.5688679103511304,0.7436296005165064,0.3064720516886006,0.5451914583376511,9,1.8384247647898375
7,1.8626535682182295,0.7193620379241474,0.5372510990027741,0.4268956647596204,0.34866763008803164,0.5751665895809301,0.3529095032632981,0.6459120685248287,0.262697441303556,3,0.6967287898559243
8,0.4473332676487327,0.27721654226957915,0.8686249346996405,0.6998905454479127,0.49600843387744664,0.7225570616245962,0.30356355917529426,0.7365558355531966,0.3979644238536905,0,0.022048059069063427
9,0.4056830756374943,0.5112633096774978,1.826500420954181,0.28706584325498363,0.3051553105100245,0.3621480010334806,0.6615109542488491,0.6018212730827601,0.4815854593574627,0,1.7718549940678698e-07
10,0.2733103122774292,1.5125475588574755,0.7708287335434026,0.3740571097092421,0.6428476345907572,0.5518447578064518,0.26667249207693394,0.588104351995935,0.5907567515817034,0,0.003040670392496579
11,0.8749108243248634,0.5767962686311612,0.25101724878486154,0.5659414771899507,0.5911011637004501,0.33952195640303895,0.5715654197885773,0.7282910769574209,0.6836712425059721,1,0.35894862405019085
12,0.6724832356382207,1.195683407151672,1.7607692941467374,0.5647393825512407,0.668865413654413,0.4626522540215512,0.6901601295233735,0.5481434307915531,0.5771123018300452,0,0.0023988128716487802
13,0.9904327312314752,1.189076881106736,0.16807347920749932,0.4218217308060242,0.5671365089697769,0.4162873674157433,0.6536791204346741,0.6488213033188222,0.7226557700360954,4,0.960180303700137
14,0.31924171570371734,0.5330941227078068,0.5775445948672487,0.6990865606789395,0.47483488375497607,0.2596359648618736,0.27757122932657047,0.3805177910709432,0.6259990734233052,0,0.05154752743157739
15,1.366509420791951,1.7140233338540976,0.42542810133921516,0.3661725643288063,0.6535719376755804,0.2681896748147241,0.567726536114064,0.2572443500300411,0.48227901682196045,7,1.5524305586462557
16,0.307747394839509,0.30261274180506637,0.7223520663082702,0.5137257167566414,0.6990840711841089,0.584301124025088,0.2626572488981094,0.4188657795967427,0.30217168524830024,1,0.2945721172578091
17,1.7170270197743487,0.7305499276202452,1.074909489609917,0.3270971344474142,0.3501311476136352,0.4216271845270856,0.4360300965405366,0.4293617920841446,0.7280571521579322,0,0.006342673247379115
18,0.8119553306275744,0.11704038491331048,1.1156458444819728,0.5188968720076634,0.5573273839475298,0.6006918631575088,0.5087179646646103,0.7160113048813926,0.30874964081584705,0,0.15752953466019923
19,1.5909234092634488,1.669476688803583,0.803265886636856,0.5160568041608783,0.6011520816875884,0.7102385825267744,0.4313308612790548,0.5873927186103709,0.7242107728181556,1,0.2909026810021098
20,1.841358016022458,1.5460205989959073,1.712606510937804,0.489616826961102,0.624817504392071,0.726048944776587,0.3584616259535968,0.6101178393701767,0.3243478202999341,0,0.053987296304939966
21,0.5426976070230358,0.1322181321621606,1.451887892120344,0.6694673981039845,0.49071368918646463,0.5760643270077894,0.4753453247758191,0.6043360180464983,0.584084924397667,0,5.932036143829942e-06
22,1.406292303678255,0.39145041833759464,0.12985340283076324,0.48882154004140393,0.2505497917509439,0.6610103547422304,0.44812042190779905,0.5996615625479637,0.48259708492396225,4,0.9891339984498695
23,1.8445872018350233,0.13562939813171038,0.3686663961027552,0.4238249270459552,0.7332744515215917,0.6874754354932306,0.6334122531634638,0.5016734617015554,0.28161941817634345,4,0.9431449620484991
24,1.9703788851540989,1.2647631211924426,0.7850555850600857,0.582802911008967,0.4565015825721311,0.5839779907770958,0.47439360535498154,0.3711752502327443,0.5598341326205882,4,0.9258950715560726
25,0.883085793747326,0.23698860089788235,1.4006871544800945,0.5892121495040783,0.26992426409713804,0.5128474597936016,0.3290535703352572,0.44428750130338557,0.3695209252875932,1,0.3297424273411023
26,0.3786701270192544,0.15935769009614964,1.794000707205699,0.5878925429783105,0.29015396737782106,0.4595712681430652,0.6771168081454848,0.6702853719502643,0.409014311650857,0,8.093475052364291e-06
27,0.6724211943960323,0.22082273130124663,0.10241244338104334,0.38425964598485074,0.4767703716262041,0.3506227355396578,0.7156603133152499,0.40380667031074235,0.586701729741697,4,0.9376597589178194
28,0.31250252984959687,0.4310791128134881,1.1479997611005472,0.35899680722120675,0.6829580246880562,0.730982003172667,0.2744384505250212,0.36939051499705794,0.4337407411418524,1,0.2163785675968306
29,1.2133451473811674,1.6501738550642222,0.4954094954521281,0.5199218369708951,0.544995693695221,0.3497678209543634,0.30928538433355285,0.38110054578360786,0.30097093758898474,5,1.1934657976310554
30,1.8052734828754433,0.5653428292675139,1.5534294062137013,0.2985377124029028,0.549800915375789,0.6928122900836592,0.4716370296827868,0.32043534312863303,0.4731823560877633,4,0.9864930980627524
31,1.745925071589105,0.3229298144463197,1.5160768567448117,0.3618213024941987,0.5549158695722791,0.6545229286801812,0.37183513884310193,0.3304439540192094,0.6263787179315377,0,0.003760857834118796
32,1.7563304602412746,1.909724231087688,1.9041403151242324,0.3496971140231263,0.5102548371266773,0.6413308628280465,0.4116753694144119,0.4546070980636742,0.5241173640851564,3,0.6538889444741668
33,1.6117938238885634,0.5249804964801567,1.1079781672921574,0.7229909451444778,0.34627385556744034,0.5668425335179632,0.5259172075763034,0.7492567380849839,0.6296059256938376,0,0.010312030970298801
34,1.7507578380664406,1.6190051266692485,1.2334264993374477,0.4951901849800781,0.722469994727329,0.38227340919169134,0.28639307533882635,0.5742106290325282,0.35145218029676933,4,0.859043655515292
35,1.9544587516684593,1.7587245396605717,1.8405625666241232,0.42003251409295067,0.25453698348761894,0.30755467292615707,0.7288488148066073,0.6422149995672161,0.3154473425603329,0,0.06900789539323843
36,0.6774982100064846,0.15057430428614296,1.7659919693642416,0.3138502337412702,0.6078243321750019,0.6337979460587708,0.6725453402747261,0.6607752172160556,0.5814169906132773,0,9.825593602945417e-09
37,1.9143120894004386,0.1710963980532109,1.0344036798288416,0.482090989733637,0.49509695080905286,0.6709905204256468,0.4843531862532064,0.570070599896612,0.2707323251029786,4,0.9398402001136629
38,1.601904130858147,0.8170959309832575,1.7070832859948186,0.4710295448903382,0.5448843832340846,0.5534172905919215,0.270416990559927,0.4908025922982806,0.7320076088013376,0,0.0013114155041178078
39,1.1806052425569806,0.12368465066449574,1.4492855407985732,0.2831536775759923,0.25200369555200075,0.42959746276680727,0.6391281226923683,0.5818940203087345,0.31800224181201203,0,0.006389826934751502
40,1.5272805139149592,0.6574733027689394,0.42722996390341905,0.5817243911753128,0.6880807026805572,0.6094832650415352,0.4273357774886775,0.5241137945329946,0.7068306070937571,1,0.2328509187072145
41,1.4082427824334627,0.7594378665004365,1.049517099258874,0.3335192382926288,0.5655415588530586,0.4649155796459994,0.6260833556095391,0.6752438911284788,0.3778526838299336,0,0.02343950142554982
42,1.293778738931341,0.6495156668456816,0.21310352864166604,0.30611491590282147,0.3876660007471864,0.6704241663138357,0.621585356646547,0.27367419137564974,0.7028673255758324,6,1.2782948822012679
43,1.6245660758270288,1.7072236743424083,1.7355657189463702,0.28847950000300715,0.41179102472613,0.602137536340893,0.3544028939071714,0.5375299895283037,0.5931530257806285,0,0.030080800029050343
44,0.7881805228486507,0.22535619951148506,0.5205990053073246,0.6026080186941247,0.6659846471978887,0.4579734422192348,0.6089303459697188,0.6553670481446581,0.47851006793458273,0,0.18287968149414782
45,0.39702833065845733,0.32090436258476573,1.252552240812418,0.49957881700275364,0.4742721427982773,0.7410090949311554,0.29156541973299216,0.622936643861383,0.5628545767646883,0,0.00015381140846996335
46,1.1512824402350466,1.1629009694402186,0.9140648923143301,0.583974756638834,0.27248947884513225,0.5561229102866472,0.670693899379028,0.5908993149423696,0.7391135349517455,0,0.0465880804141392
47,1.7077487065947867,0.19111152681351276,1.5411838604777117,0.4139871910317824,0.6045699733366603,0.39587169570504865,0.7248272274938701,0.30945514327692786,0.7449877000206406,0,1.5094122977844142e-07
48,1.0497515036409506,0.3326270387284638,1.3854582288421116,0.30231484471995396,0.25016402329458726,0.7080951111650109,0.7091030976546278,0.404755280781736,0.4011160519140878,1,0.22393033202590357
49,1.505792447891106,1.4940928613695053,0.5494718831421334,0.3242010085430149,0.4425571245607058,0.568378484965028,0.7024785908098963,0.5720936559885605,0.5176569315063348,1,0.3820367179805663
50,1.4502808336276172,0.768531069283767,0.7561382620051345,0.69671417050518,0.6725939622574149,0.5914333723705752,0.4833270827329459,0.5214045368498958,0.3506305504087034,6,1.3106616559561968
51,0.5907400840182301,0.32578877204049184,1.4114431656530044,0.6011887671651064,0.28970228800817843,0.7048470942035719,0.40334846108255495,0.5043253794930416,0.5418872277490157,0,0.01607829739626489
52,1.7998640897701985,0.22607390379661507,1.632914801032895,0.6379616026890723,0.32812275266574004,0.5004789731269965,0.6042705324214013,0.5673708298438811,0.2547761554708402,6,1.3121570942227303
53,1.9218961905417977,1.7505214687180441,0.7800119009231047,0.2813237554665587,0.293371498830868,0.64314783375453,0.5337513625475836,0.5433571831920576,0.3450177181809236,1,0.24055078468444496
54,0.7907715756891672,0.7477487411733331,0.12737161067982722,0.5486425503702947,0.5243196181593869,0.4638115499546399,0.6627784731979038,0.7109165123581915,0.6326187214827952,4,0.9808625425102474
55,1.6688235726046723,0.15962940958945512,1.480513557991067,0.3768541787693051,0.40411233809817926,0.27220926821667685,0.3084806161448456,0.5213597158077523,0.5594284841561215,0,2.101388315481893e-05
56,1.8859283829073021,1.3616376672931212,1.4096757284485772,0.5824860585897735,0.39096632840994466,0.3247680687467702,0.6681521274031825,0.5911166836884894,0.2909556721526688,5,1.1157654537921906
57,1.3731451143754463,1.5955918827013018,0.7818979912784336,0.6150270256304948,0.4267626005704439,0.4420798637346831,0.5018272531404433,0.5553969460002721,0.37039304128313555,3,0.6952817096563655
58,1.6431714543112343,1.2852177687985902,0.9942259060807344,0.30504463260177184,0.46769323205922025,0.6273790875272753,0.4470839828902747,0.2777635229448307,0.3427835609319219,8,1.6214177620437815
59,0.1477546917470758,0.47844624357782106,0.4579410014978901,0.3023573557098702,0.6182050844103608,0.2557359383574852,0.3440482888692634,0.4708873633166625,0.48832780948859505,0,0.011153781049532414
60,0.411284894322809,0.15640409344256256,0.48604229820826284,0.6609151581508561,0.4047523924082027,0.3603489021843894,0.5325335597811611,0.4073973202451916,0.7254885163876532,0,0.006870034065850067
61,1.9702165728063605,0.12629567543427705,0.3177107003963267,0.28005277732951867,0.6332855962178776,0.47043287137664674,0.30264641232818246,0.47554964812615536,0.28867846979064116,3,0.7455790509696242
62,1.792582432881226,1.5240871915154772,1.3667454240998909,0.714384881512974,0.6952749676112131,0.27122976128193177,0.3770319023754003,0.3709781215174046,0.36888165041633547,5,1.0963946965414704
63,0.765124894559892,0.33664078919176654,0.2639871996266755,0.39391390589116815,0.31066200693659207,0.39350594113526616,0.3625955732055458,0.4790998715778288,0.657513728807251,1,0.2285469088858662
64,1.5195878319811655,0.5367392795085016,0.40722682359068674,0.46102580128621934,0.42827690686866166,0.746321451319248,0.3777282233493742,0.5382463493011844,0.40789394329091877,4,0.8086632213751124
65,0.6932564145191126,0.17318157300769538,0.754955509977396,0.2875812830148209,0.6874820219722806,0.5174319135409264,0.3766036111333111,0.6522259029332893,0.36482761835111754,0,0.013275225382896582
66,1.0633053540706403,0.2762038236006947,1.644564259253136,0.6013223769006866,0.6206930403946838,0.6787413739789747,0.4666519513442986,0.3694546262150832,0.6240284838421173,0,0.0006560631074939637
67,1.9143079508505587,1.5217936894915591,1.9719406481576511,0.6039406032492003,0.7233432858529149,0.7125560259596574,0.610981614376874,0.7175880383987074,0.7377553370287364,0,0.00010432528875098956
68,1.909819136487342,1.38715292621435,0.7282472689935274,0.2874821854344748,0.42275568978021544,0.28516473293817785,0.39724972011818105,0.31476095602786924,0.28230682324694845,5,1.1673895144853794
69,0.3021436083738669,0.512324903352401,1.018474927001109,0.7372581740610613,0.28168212236158896,0.43397962959143316,0.571265530408636,0.6590867513768652,0.2852588057390937,0,0.002713612335276506
70,0.5391111170995009,0.5530036943770095,0.6685079081641033,0.28563177507167464,0.4264249541945934,0.33932739242646176,0.43807226474791755,0.37490763139213923,0.7073830688103411,0,0.033045910882043956
71,1.2632892064835293,1.303472610676698,0.44450981444088133,0.473802718257764,0.4974246173171527,0.633297646993731,0.654002655526802,0.4693488594164038,0.5181513620724925,5,1.0075245231195225
72,1.4747173895450205,1.8667366731014088,1.6086308890592,0.7251745130862401,0.6629421669479744,0.48318203628072487,0.3326796448411183,0.6935880274101027,0.6332359953250468,0,0.0041258895917449506
73,1.9436293955599013,1.9160051007316887,0.19617112883885518,0.48118473399986095,0.49895032643679116,0.5094395449284397,0.5970752601672795,0.638301411673974,0.4568999383777727,6,1.2499649900751948
74,1.6448360651044909,0.7279046599008983,1.3270175155301025,0.7236247187688272,0.6979405838702613,0.6200724661069397,0.33402894875349426,0.6304316608088298,0.4504108772303937,2,0.4063409178285619
75,0.10431622511247697,0.40153230321918265,0.27323421625905253,0.4112129197133569,0.5779746327448512,0.2701299326581831,0.42580599721832413,0.47183801075096754,0.6766609196982847,0,0.03381028946069469
76,1.2705725048335599,1.213439379618749,0.632650887821847,0.3387438095771923,0.5886103901597922,0.642826117780853,0.5974261731797801,0.4540261393562124,0.7255950673541826,4,0.8420663274974666
77,0.3980122538324926,0.30531407232912855,0.9710742553533569,0.47111623378947776,0.5814755411908403,0.34282960854583105,0.35823327221429296,0.26971662310781513,0.34223937706362434,2,0.5406761803143997
78,1.8170882355183475,1.9134556317547644,0.4521086715259264,0.7132766328838597,0.596867702243699,0.4197097244985018,0.2656330577812616,0.40497619255596345,0.7154745467926307,0,0.18089637536450462
79,1.365308831619132,0.7018292510566686,0.9408439923494536,0.6918525868396073,0.5482124841441786,0.4925861968697759,0.6577672096741918,0.5134622124404006,0.37261428645189765,7,1.4135995700317847
80,1.6651277623858136,1.5321380345671942,0.7844607451535252,0.592232642520882,0.25111274496627795,0.512551668518774,0.6972969797575819,0.7408128643196812,0.366303923875942,0,0.04579889987446818
81,0.8479332904907,1.9245767487902636,0.41750343884009855,0.7491816756880149,0.3020479195323534,0.33269685935349247,0.728207852415055,0.6295299534091912,0.6272099662160342,1,0.2268860489839238
82,1.6068617029734176,0.8259076224090042,1.5085064735240359,0.6236380017058323,0.5901783783760122,0.2962765234640939,0.28175419002073077,0.5767143289949328,0.7453298195588622,0,5.4932666483058835e-05
83,0.3858221828777464,0.8724655719191817,0.39183516257001416,0.3052008419460337,0.36987017895253693,0.43456266856331166,0.7474812229753065,0.5746467487664084,0.4894584649280394,0,0.12451410658103006
84,1.4483030388216032,1.801951998492073,1.646331066341484,0.7181497041571663,0.46447880412336545,0.5039105061996407,0.4302074298057267,0.6044939449609505,0.34537177101415456,4,0.9082772448029195
85,1.5359557709137874,1.73338277820289,0.3206102082251816,0.5313754766420246,0.5378554079399864,0.7349889090852753,0.6629851396755957,0.6461182358208551,0.2825587601545771,4,0.9055111647080321
86,1.828788757341683,0.5353834109033299,1.7357880461991928,0.25978907460372436,0.6946947625090484,0.7345382292042499,0.4666823907991376,0.43565289736227053,0.3786286773859322,3,0.6474781145438896
87,1.8939835825512614,0.9605177301780261,1.496626357530393,0.663336908470189,0.7143878377225956,0.6698546741210765,0.43025394763452307,0.4666677388839893,0.7302497320031733,0,0.0033628740618767868
88,1.6406680282099986,1.4575039233694056,0.4010499154456443,0.653388581910558,0.47427780639220435,0.2843752747269199,0.7291099778703337,0.3476379022924637,0.5612972902708506,7,1.4548027350028663
89,1.7216621066751432,1.816903754202639,0.9077133755196944,0.2980160542481913,0.26038454532051103,0.4389889550011487,0.4133476254938619,0.3470617700838834,0.26066841562653725,4,0.9327149104212572
90,1.1186020686382723,1.3221789460477402,0.670326923260198,0.3570547562585026,0.4587571901639943,0.3628676354922496,0.5780638216305524,0.48583069848236343,0.48553770119584677,1,0.3085575922528802
91,0.18193074331417658,0.5733790397559565,0.4157056923734357,0.44548302474821,0.7348837998718076,0.6629953604281684,0.6710238069197234,0.7264654609818566,0.7263426494165045,0,0.002533155836282585
92,1.7903572364702551,0.3635240924176717,0.22869872087783583,0.48918089715080026,0.4091135663274961,0.50844016034555,0.49467083848473153,0.4652399558400425,0.6360330889480426,2,0.5325224857686447
93,1.9228009250133402,1.506925485177723,0.6029935694731345,0.25292802995337493,0.35111393392882184,0.43673731720420694,0.3967504495208544,0.34560217002578175,0.5334949629128354,3,0.7533511949255435
94,1.843641365187033,0.9455715695170035,1.4292517310920612,0.6183022381888019,0.3530369369219958,0.568040320069744,0.4954727509740524,0.5940828149559836,0.4638211096452663,2,0.43773802267253964
95,1.92254392188923,1.5863454334515952,0.7687405302092972,0.5723462724270338,0.5654246683381656,0.28621001466443347,0.30490190551958785,0.5899016687788587,0.46330526394239174,2,0.44991686286079147
96,1.6369848722744285,0.6111140884810445,1.7294611041581611,0.471517865800057,0.6969180934028469,0.3350596800016196,0.44116708418950656,0.7120755724451133,0.6054191407870886,0,8.875227622256357e-05
97,0.19804480633500612,0.7467319109241453,0.23078986918031688,0.41534240174383014,0.45874260340731227,0.30769344862830095,0.5777440827706488,0.5557599793752139,0.7130153410332667,0,0.13755624697766164
98,0.299966688932948,0.16590263700732677,1.2199213383792649,0.6785923165345218,0.4969353348016608,0.7344258549392784,0.5562533739456148,0.7398733563164313,0.5114452473546486,0,1.2690849746679519e-05
99,0.648833104563367,0.7850360891253506,0.34827629914979963,0.25832920859498315,0.3664807382164352,0.39610782322063,0.7121755633048601,0.41053673314489003,0.2922829957367386,3,0.7801929885445644
100,1.7211719794443763,1.700378993697247,1.655601097844973,0.7318264359646633,0.4488300300962345,0.6856241610873911,0.27190362681654584,0.4541321450429308,0.3373370442474515,5,1.1947356286406585
101,0.7721497559293062,0.24487248154331492,1.5921774475035557,0.6576510501673447,0.5612710395240508,0.29708842886164977,0.502991229060343,0.26817594373289627,0.43379187613893655,0,0.0779946688316799
102,1.9069626684271328,0.8976632833452259,1.730034057743103,0.5110896553562772,0.48470887797875856,0.4478151742383253,0.41737288804432177,0.2639606799107417,0.306554865471579,7,1.4706191804184567
103,0.45267490561529,0.15321187140757098,0.4900278920793578,0.253863378118095,0.6296651882289392,0.2884695330087801,0.5546286447319084,0.46115249625960525,0.42192854447867256,0,0.04004427940375392
104,1.3145545606746414,1.9883968869733242,1.699365778453907,0.3221708672719403,0.47937269028965773,0.440672442221652,0.35565423938510626,0.35093965340282884,0.6054106291080397,2,0.47190135418022433
105,1.700407917125987,0.5462283088349454,1.6824464206948,0.31323870335032966,0.46938938288242704,0.6785522096908425,0.4876778687684921,0.5467335668608695,0.49765026839302784,0,0.007196491165283777
106,0.8402156302441249,1.9313912012552101,0.12066030210354248,0.6598887138520547,0.6561486363601258,0.4368700342623744,0.3295826117669514,0.5128705368031654,0.27997784920353613,7,1.4782737160629615
107,0.8704727862211845,0.5039923653189962,0.8473165977439299,0.40147471060784745,0.6524043636637047,0.3644270151912733,0.6564680706781354,0.506101522957724,0.6392646371551358,0,0.009622398966226263
108,1.269041142988401,1.3537008155395276,0.8527739380629887,0.5431503619591433,0.5335510609076369,0.7476048898870558,0.5645356438688245,0.7326852736650382,0.5202893657881489,0,0.015861970038415815
109,1.992333550353576,1.4510290992529569,0.1907902130035103,0.5940356716888091,0.6471238127787964,0.644393390785603,0.4733632330853119,0.6873307408954967,0.44568858374114034,7,1.467592073241991
110,0.7061113379563225,0.11914118380195464,1.8412854997592356,0.28259241279971276,0.7466973680486797,0.7370548218501822,0.45139158354283143,0.4378911140738349,0.6681993441519481,0,1.1246213460866058e-08
111,1.4392229141124895,0.30665150788167983,0.8735096883627154,0.5118748404999538,0.4677099290955402,0.7465572280002541,0.37756290551909233,0.6209607777577791,0.35930769868582857,3,0.6385207483960832
112,0.7286970846494332,0.2842572955226722,1.8843306907207726,0.712030257423691,0.252684610268532,0.6269532991578113,0.5242003664811341,0.3584563114514834,0.6085077680007112,0,0.0008781321359546672
113,0.7270575111557359,0.19299658063442404,0.20897261002221884,0.30972873464277184,0.4189355875430062,0.3038677841664263,0.6030142462237451,0.3753332358565451,0.40937741134025063,3,0.6552108092312393
114,1.2041146605289403,1.8409837208537623,1.127831670977366,0.5828601493954091,0.4659889625035597,0.30621498359330385,0.606602893504947,0.4482119836912323,0.3419310316195843,5,1.0990661576099792
115,0.2873502508071141,0.837411425180532,0.5683506482627674,0.4222533458555082,0.34764888168211244,0.718074110719931,0.745884623258498,0.3795567175459769,0.45019437105815174,1,0.3551715759866202
116,1.1842007685584661,1.6349250355663616,0.8909972700175706,0.49865705868740806,0.26438403014144524,0.5291734197919566,0.7076541560891074,0.4794481165556212,0.6705155173239365,1,0.2859415736856548
117,0.21677956267909926,0.8007953837495663,0.1358136383516523,0.5378548671882377,0.5985542607905259,0.5853652947939554,0.584834700401545,0.7047233745768322,0.5120636910795495,1,0.3411808413156902
118,1.79775422248992,1.9811613198595797,0.9762123231676909,0.40480873428666886,0.2780767576176943,0.3044744600093941,0.5804246398772245,0.5626760275504219,0.5514275233058125,0,0.031708036234489825
119,1.5891731014492312,1.615870508829189,1.6368778520729548,0.60170942616115,0.6008188977573086,0.5879112728798241,0.5184342505308339,0.32595282776454554,0.55442499783858,8,1.6432759576357674
120,0.6244973701411924,1.9556766419913856,0.15632610864367563,0.6727452108680863,0.691104418067327,0.6836207388437869,0.6516682394850446,0.4310259438092739,0.4346941089564085,7,1.4827905249402427
121,0.1902381495089123,0.6405359702127036,1.0250666081835345,0.6800395304652935,0.4058210628126828,0.35719596639961476,0.39296444160271066,0.43794897421339346,0.6916136075287153,0,0.001132028608778451
122,1.0429845859640559,0.16066410045206758,0.5638805617197602,0.5097866195407574,0.6293196104331495,0.41805446583989264,0.3753866521988399,0.3593180845078498,0.32457804498835396,2,0.5857905213030795
123,1.8839149917404898,0.9530370133139567,1.585966759501798,0.44021477760153466,0.4010981308928712,0.5034258017622204,0.623619325073069,0.44441945110048064,0.5449837703220539,0,0.14967427298202055
124,1.7823531945476778,1.1168638858190951,1.485363374787023,0.7100083246193281,0.542266004906445,0.4190096958299937,0.6135835095776345,0.386464652342605,0.3618192729023338,8,1.7678986268300525
125,0.10728250168605526,0.2773010294483074,1.5398369259751519,0.33565780894126784,0.3533451842649861,0.3336825353755075,0.4550452906180463,0.4945439339315089,0.5318403820609305,0,1.925562580575542e-10
126,1.5968671779828743,1.715121252467079,1.6189567727028087,0.3863311170178678,0.30811883404543405,0.48125588966989613,0.7037944927929314,0.38739777032443085,0.5245759949372659,3,0.7344791541985592
127,0.8944085030782266,0.9754301655116568,0.10788661929840111,0.32251065205068424,0.6648975657120364,0.5270210714757432,0.5669508863776347,0.4635886360989862,0.7187236915596398,7,1.4631802163857546
128,1.3762899418226908,1.7902933577156075,1.15674885084001,0.6529473280087708,0.3798207605281158,0.4201186280446417,0.33716425791955124,0.5865121931146697,0.441098418945633,1,0.3133345852206679
129,0.1975633497671053,0.25056159048120574,1.5116722671069671,0.5174572134389246,0.7039480272397837,0.3800319352312937,0.49669986354534773,0.44175853668279225,0.5804129183426672,0,1.5771272509145166e-06
130,0.8865402108210354,0.47784123369037135,1.2357248624888488,0.3002118343727858,0.3926876274200841,0.3331973044082294,0.351484865559152,0.6478901913221548,0.6417897875012786,0,9.209290810624653e-06
131,1.2252525217810972,1.9684908057105668,1.9648381077786923,0.47034504579423786,0.4069987581778989,0.622017277676219,0.41345451826855845,0.2764855830401887,0.46157877643664486,7,1.543785461024612
132,0.9777451264653795,0.8878930584241962,0.13974074601055675,0.6866853871731726,0.4798766373668886,0.32225098825233767,0.4467629628022766,0.48098963167670167,0.4502805457887424,6,1.2935693481826098
133,0.6646388417221553,0.9723524925571849,0.34881222085272356,0.5740824077162854,0.7267690068186152,0.43780928352576615,0.7095220070125356,0.2786907694039799,0.7273845583518428,7,1.443242157959768
134,1.910648908276971,1.5479978315937784,1.564986552436517,0.5251477149759598,0.32349836316630803,0.6117862142619861,0.6115529848365038,0.3740250927412508,0.4331794806293263,4,0.9551756726847469
135,1.3748338789715635,0.9471297831885919,0.6159307340067552,0.6900449822625359,0.7377363273022435,0.7272386640232305,0.45003685842234564,0.5324346726989998,0.7060505147506677,1,0.3021788923846115
136,1.2884442366369537,0.18219545179352803,1.1886752722340594,0.5690634935042427,0.48288482402565464,0.6018589922236285,0.5534692094473603,0.6378911902872307,0.7107344928141851,0,1.1053083988618175e-05
137,0.6465246081785349,0.17968976593661867,1.4249387471948625,0.5138853267807104,0.5576113617254077,0.6371976754646966,0.3267923783354467,0.25760928761211493,0.5995207604695352,0,0.0015218262924688354
138,0.7278395816725849,0.34385247141047737,0.6640849596220694,0.41626407620364136,0.28478921608144625,0.4583526032844133,0.7426832597628312,0.6888226760431113,0.5797360281224139,0,0.007950187979865712
139,1.9307234574487337,0.7528717041853282,1.3820753762593283,0.7163935537828366,0.5339383370827018,0.6206185525194847,0.5912874233201448,0.5863593927550339,0.6732725745897445,0,0.00496524041377741
140,1.602584405043594,1.6619482214762948,1.301275524155476,0.3269020689202424,0.2963285796721629,0.7450451677376919,0.3610734311328678,0.2712568086555019,0.5401631390213169,6,1.3262304042104442
141,1.831982932764695,1.5393893336312934,1.6703361372942678,0.709217364811888,0.4304707551901436,0.4660107980892364,0.28995589422312973,0.3863201143615484,0.6261350531104944,0,0.016978060069691537
142,1.4286453774795513,1.7934693073575725,1.3924901289460652,0.3068504327745645,0.3525308952879951,0.6516271330139132,0.5374429751750334,0.6512481117178118,0.4087350349381308,0,0.0036261562037418
143,1.5867698178579093,1.9022276590284748,1.8953955251003944,0.4005607991232066,0.37460395906726135,0.260514689477283,0.6575657288324135,0.5713497041338733,0.30025426226586327,0,0.17638976584614863
144,1.878488400967302,0.7541488710425241,1.2645421214453627,0.7132991393130419,0.48920524683589645,0.4550380527728347,0.3314721648673404,0.41640546255261424,0.3989186532682878,3,0.7302217528594568
145,0.6312929170585875,0.5253114158440747,0.9763661550282017,0.7015466815421663,0.6413191442652967,0.6863000824614494,0.5635089693120223,0.3499891860820441,0.5413343187099176,4,0.9346330746096159
146,0.5201611007030303,0.13182296381129818,1.509892148926782,0.42039195974163557,0.4847451271385338,0.6224969074848967,0.47055524863227094,0.7009131110159472,0.580593743376754,0,8.120183906670621e-08
147,0.749198456452455,0.7679777072330847,0.475510568434407,0.44654593279433075,0.6895086581245148,0.30691566220860733,0.5732943674537289,0.4761554497619083,0.5776104323877624,1,0.26512556577139973
148,0.4771337514268661,0.10699944332246746,1.4939805641176775,0.7456106787816983,0.5461679613791118,0.41569685954482327,0.475657923623579,0.5998102307782495,0.35071231018302107,0,0.008941295774094086
149,0.13286381934999852,0.9698225148694788,0.1084463100079896,0.43838104830295926,0.4701030963565436,0.617327807583034,0.7082255007881034,0.2571982925851422,0.5888070828720733,5,1.1157178602158022
150,1.4711446272938709,1.9120912225428395,1.6259146295367417,0.30282818598327865,0.3029410347055066,0.6854378556855483,0.4040067037448817,0.5478315768669899,0.576623800491413,0,0.031551340429342635
151,0.5693149878024678,0.9379106608264007,0.17552110617794142,0.6531067334078939,0.7083973693788834,0.7313752614888414,0.3097266101795641,0.5406682169969406,0.42209773774325254,5,1.1780899515994172
152,0.7649108612871875,1.1455860654365972,0.12254758899443674,0.4278694937758827,0.6922240121210805,0.5270245907952045,0.7054140135121636,0.3031894143791829,0.31993758886609086,8,1.7519823858204824
153,1.9992579762134652,0.8299159508489443,1.5058283687049867,0.47088589895193916,0.6856564095166608,0.7074631112980957,0.3914930019673779,0.6938311908531918,0.3096299401280745,5,1.0751545312441737
154,1.9343623329911717,1.7621511803344139,1.8386169830216597,0.3692853232346762,0.7098638249375199,0.71720628662592,0.3911054172370561,0.32791336452396214,0.3231495413083304,8,1.5970569787972086
155,0.9263119908289508,0.8006906377110801,0.6780067592637536,0.4531724054653294,0.352551935322044,0.6212195215554122,0.5870489237059888,0.5766122659978417,0.3933065932944692,0,0.18284509169765853
156,1.2164093104456937,0.10067126659906922,1.6288817621502405,0.34758242742707823,0.6941214653708626,0.29789923237448596,0.5477066366427966,0.6394483546398122,0.4179201001756682,0,8.99233862644465e-05
157,1.7471893442906201,0.9239691304325057,1.3442213005404218,0.5197739782354898,0.5050105407142731,0.31938845565402435,0.2840219414957189,0.520292997035667,0.624716087322144,0,0.004965664859565903
158,1.8488528222902318,1.8659730649047628,1.5617839984404505,0.3156631559679904,0.7376637767953004,0.5846068127772914,0.6929692574123962,0.6552846736292728,0.41448096192512335,0,0.005644714804577992
159,1.3048431722059262,0.5590489000588469,1.514622189643193,0.378003590571532,0.3772699607359676,0.3589758904865707,0.42557958941637963,0.2814790927428168,0.4041640101237581,2,0.5830155561631777
160,1.4573835272804418,0.9116480676740893,0.28560731808184037,0.7201869707974787,0.5520709153333356,0.3167202571675009,0.42750054987679176,0.34089338215716836,0.4155500718656639,6,1.2005221581397174
161,1.7499697323439105,0.7323163037359908,1.6245681442460704,0.4838168306419724,0.7108908346039502,0.5078442616362856,0.631830358624909,0.3075018551907291,0.5354883384752941,2,0.4585067670881617
162,0.24291148499977766,0.6578966416397516,0.8635283358632111,0.7104807665288098,0.4930649180114043,0.5245683088392827,0.5360900780551967,0.39948215461921116,0.7083645743142654,0,0.07289194878212761
163,0.3165087453018798,0.33536482837400833,1.9759711857654625,0.5065162557131282,0.2863873181679461,0.7432245852494602,0.5894211078584692,0.6047772750275766,0.7498932928051554,0,2.7191542579146846e-08
164,0.9590752305924385,0.17652083902350668,1.7257777787382989,0.6088819032708972,0.4834822782363745,0.6709867918671009,0.2703163210995659,0.5588431091243928,0.6147108095563807,0,5.373718868175686e-06
165,1.0545152333032268,0.7867224251472165,0.4599795543602474,0.3106681124243222,0.4432123470299403,0.38066110627001304,0.2869369664779973,0.44949068040608653,0.6969403223282903,0,0.12581513560357982
166,1.972924196067615,0.9957315464122267,1.5228629219920378,0.5421935194461086,0.35172053672192016,0.7108936050818235,0.3322577916797398,0.3419405592810425,0.6050998621923374,3,0.7893286721607569
167,1.4512180208324306,1.0489051765046955,1.1728363384819536,0.7010490757466772,0.5009173325192645,0.3462237498192588,0.5820241992988098,0.29857676092048185,0.34472753150821284,8,1.7002142800912
168,1.7284252829734583,1.1443768042882518,1.7137999442617033,0.33092539978972024,0.7311467782010517,0.30712479711867746,0.2622376154076421,0.30803733851152787,0.48781812595931895,0,0.15766846412052463
169,0.8304804964058188,0.12540887836557946,0.42119370234331033,0.5106611274199483,0.4873851775394303,0.5295694869061004,0.701110024075718,0.4815514009099645,0.49959204900531645,0,0.13864840085698527
170,1.4933552869115796,1.4571943309705384,1.0176327347466896,0.7416883188984323,0.5714303328840179,0.6896840396748163,0.684738248136807,0.49688663410169526,0.38683528575094195,6,1.2697725303402958
171,1.7327177808836898,0.946479155566377,1.2695100483380848,0.3801899646893953,0.35066814253146755,0.5448953731902484,0.7026257781610892,0.4452713421188197,0.3493664734452226,2,0.5833242492941902
172,1.5058791553264224,1.1702054352348181,1.0780524503529763,0.5514553472328996,0.6978521586806898,0.4070142254711406,0.3300398752864127,0.4617602665921916,0.496259142268653,1,0.3033965048622762
173,1.6745286632249547,1.7135708535761671,1.7322600280659621,0.34125220762344527,0.5529139226629923,0.5285571988993846,0.4038764074054491,0.3104312706134235,0.4236196867211403,7,1.4494324954291655
174,1.4380983842125583,0.40482225720300924,1.5686391241911046,0.6883757905550938,0.28151220776304825,0.3605462130260024,0.350702166809029,0.7148035148901025,0.7171129603249289,0,7.366267062197839e-06
175,0.3151149252397094,0.18516285047092118,0.9420566330765539,0.2789195823588094,0.39510202981892933,0.4620340613425706,0.2765304096128588,0.29704097632966114,0.7027799853893311,0,0.0008394487024839665
176,0.7555543046218209,0.22318810929198207,1.0399108832349073,0.6564133026641304,0.6937893562907623,0.3829756078761423,0.48389666618229815,0.3750207613854549,0.3555513189760971,2,0.494981980722443
177,1.5474787239489665,0.4640147272667209,0.5319262499788687,0.3582723341002145,0.3853477678137103,0.4616249471217071,0.44584053682305014,0.742282412070203,0.5119740143091729,0,0.06447508708280547
178,1.2027497740729167,1.7249895010678338,0.6168071557546209,0.7285528560486132,0.7409974118836884,0.6866940705736223,0.5155576443404222,0.3478465001178483,0.31752144112592334,9,1.8859884911306943
179,1.5355417606398352,1.7953831507283886,1.6627135655753438,0.5846517031997629,0.6407645918266608,0.6897258041921299,0.5104602661332873,0.4439760188020785,0.5114377238971927,7,1.5439664544744667
180,1.2856943453053007,0.29882301546893847,1.6430276623427227,0.5540153430970336,0.36855967992243566,0.5421431246256586,0.42319566835364203,0.7243618101395741,0.27657418388298904,5,1.0347358199865029
181,1.0919502685622613,1.2730992489059567,0.23364602008508273,0.48175966022971584,0.4064447261922712,0.7365300604365772,0.590748267989128,0.2781668367925582,0.4041526913502843,7,1.525772246933121
182,1.6385451681928687,1.9504080107600852,1.8954644247990047,0.3537319494950456,0.4684160888171405,0.39567978567049306,0.5867178055607877,0.4934051427614545,0.40117487163663373,0,0.10771244315386758
183,1.6899681620226887,1.8017005598819336,1.2542431844782027,0.6488002843054392,0.3679568704481616,0.46604690353541356,0.49975008681540783,0.6082235716030941,0.6993209650951531,0,0.0105729909391351
184,1.2193031491852158,0.2683151393210701,0.762491378766678,0.5608508194112631,0.7159192396285798,0.27160669514516306,0.686042557073152,0.4740534085724893,0.3299783090348553,4,0.9367849782905119
185,0.5970852253798354,0.1527144778753885,0.9162823614846286,0.36269979514393674,0.4888474310776822,0.33247057790432305,0.5763766376606045,0.6717261627902696,0.5667000970165921,0,4.294785946307912e-05
186,0.6197875976835858,0.48780110687791767,0.650545766529454,0.5715006741483233,0.6198679581511607,0.7170738469634406,0.6477260782607287,0.42431761822699765,0.7061851594046538,1,0.3911070555472266
187,0.295092704315896,0.48790597548835357,0.9679723357966609,0.5931774344392524,0.4609469842145717,0.3611132641258458,0.7125830295904779,0.4183500524412433,0.7307148119872177,0,0.0024096511344945956
188,1.4447305113510531,1.6011156868973104,1.3161520766944914,0.3207896746844428,0.3440425567587678,0.27668414172826955,0.6916359253963346,0.3772579133896935,0.47404596277516126,1,0.23904903011684622
189,0.5326471734854102,1.2651829283552958,0.10130172726379028,0.7077454486923909,0.4417413393322144,0.4885976787129964,0.5930771047475003,0.4153889066996846,0.3129711016129384,6,1.3627854647715383
190,1.6888017211135258,1.2797801027491604,1.902298337551494,0.3010577515103326,0.3266193579964182,0.3062246126665653,0.5422721947748995,0.4808926092290728,0.38657407171927893,0,0.0313178482455872
191,0.7588103864109631,0.9201587132895535,0.6577904054323098,0.25927593903106666,0.4304480486415515,0.2525413636323947,0.5825450414956932,0.5151401912711298,0.4145534139193235,0,0.07972406810361295
192,1.1552924241862195,0.8662437559161442,0.32337744897453735,0.3891102160378267,0.6793791855916821,0.5426854505946861,0.49157706420060737,0.6235092547120287,0.6620980909927965,2,0.4937193902606864
193,1.694464652215744,1.0519525330220472,0.5365642199508927,0.6510148555892125,0.621584433995582,0.5844437691546329,0.5651297200044294,0.5617046489825452,0.7277339479746352,1,0.3298712758668392
194,1.6759532395805221,1.293420612960606,1.221929768317648,0.28120135185868883,0.2671222135711269,0.3015188084433601,0.6161938412030707,0.3417914007808356,0.6424565742927666,0,0.04405565230132537
195,1.6209581677631468,0.4968465512155694,1.8224609731793322,0.5576770021964668,0.711467361588701,0.6410733413070725,0.500941624565509,0.6407490705890464,0.48955027386703837,0,0.061943314972665336
196,1.7779454564232733,0.7993120755833585,1.3639390791962924,0.681018067167525,0.4504682936326944,0.5498827702993119,0.3724655121534298,0.44476150889411864,0.6117732628517918,0,0.026669307917696998
197,0.9859898960829916,0.3362194482284525,1.2749776736918736,0.602623293358188,0.595718590691976,0.2778162307871934,0.5820277767514963,0.7133560125930958,0.42417610872464473,0,0.06574710454369759
198,1.733593825394556,1.086036409287386,1.548925998416471,0.5077955592429833,0.44487589154372287,0.5607277650590481,0.3872284227036541,0.32874184901112113,0.6917611842394906,1,0.23466527905133505
199,0.39380204301113186,0.19249982963397638,1.8796450306940826,0.3579219813584183,0.3750881262155099,0.31697484051594327,0.5577498042500595,0.4931945058479439,0.5864369858812573,0,3.368741630790444e-09
200,1.6212943834488112,1.4707142609639854,0.3730016678691276,0.48485354119075263,0.2905956590131284,0.258089700281816,0.5813897370322698,0.5958215567874119,0.7496724040837868,0,0.1745932610141839
201,1.5399219809286375,1.2931034397023038,0.9701615535023067,0.7382611897356646,0.3687650791607854,0.5818880366180799,0.3646869215851012,0.5908014454959005,0.2995993034903448,5,1.1931473050134442
202,1.386015902332667,1.4919129273611689,1.0147623056462443,0.285775896138388,0.2563065983232126,0.44382823910601155,0.32145746757708005,0.36914590704787165,0.7013253181160073,1,0.25072242421463176
203,0.30432607102318876,0.7046343250604963,1.1077870575147029,0.6578210608167882,0.5231928575855934,0.2725889295791387,0.25983875724347166,0.263152823000104,0.4367242440027223,1,0.3402115818509046
204,1.687922648350788,0.3193092375305489,1.8998880705971237,0.490288778701466,0.3627098354435225,0.7376554250296835,0.30298697442002503,0.4203256523641183,0.6102469763100081,0,0.0005541180048833792
205,1.464097138929588,1.1471288946796334,0.603653446966375,0.5746283823415295,0.3492977810460452,0.3467487352810528,0.47427177186867414,0.4791037491709387,0.4130193904055541,3,0.7757042072415047
206,0.8932449557747334,0.28563829663345597,1.5455464758842756,0.4038585378346089,0.7420848609828563,0.5482449756155202,0.30127739662545383,0.35950442553077777,0.49563184010229,0,0.025494167902664497
207,0.9193694812638527,0.1497156081048121,1.2514645877066783,0.43515370288488386,0.673759235070813,0.5212124789671924,0.6178751099842912,0.6113350291999466,0.26753093031173536,2,0.5291937243687369
208,1.1477599511356973,0.27095055036934645,0.5569320178429698,0.7010034897557099,0.3814624937159788,0.567797552389441,0.3148280572760531,0.2875330104503035,0.5077619262243459,1,0.22889525387190127
209,1.1736452729170368,1.4043414574314865,0.5844826845822203,0.3543630491340306,0.615882418625387,0.6336114330877609,0.5414290599381877,0.44194591032969516,0.7452907965079636,5,1.0335012578353764
210,1.2992448660339666,0.8248773018243419,0.39426522311792933,0.7095967459792083,0.4586576698067577,0.3136987701877,0.5255332470419978,0.598276476625231,0.355051802028882,6,1.232055917006862
211,0.36919880847908604,0.20365342471331768,1.5593171021783248,0.7148932578896534,0.424019207374478,0.4808769626126487,0.631532221380718,0.4951304055696389,0.41763534414640563,0,0.005095809196427476
212,1.3918353619889814,1.1084661850837991,0.34573911644548383,0.6848179293721518,0.26542910527710717,0.5926665789049077,0.47535893294795006,0.5604087180350403,0.6347746395276126,2,0.5418972410893318
213,1.8117562632983237,1.7811388863987865,0.8052749836041921,0.46917585116352994,0.4498365791489264,0.5297991004047189,0.6733021127227834,0.5466752227078925,0.46977514229056744,2,0.39952216352791076
214,0.8768416481737882,0.20249146643307975,1.9835585182589275,0.48780901969523255,0.5202384038459417,0.288779758143718,0.6429461446198265,0.6293288272228175,0.5752168067319843,0,2.2437832467515653e-07
215,0.8297109230159377,0.23737297077832936,1.0350211156926878,0.35389948668978266,0.48917821311968906,0.6545650412826911,0.3147663026231302,0.6612335639823345,0.5002047334911652,0,0.0013646029636860278
216,0.9957743377772399,0.36243012686384746,0.6925958659367545,0.592144514967295,0.2955238340311936,0.4311211198333363,0.5921867692773946,0.3975710461615321,0.3161928198182208,5,1.072329816976345
217,1.5693332314686925,1.3301061849060103,0.44020189402872656,0.7379313451321632,0.3641720770481566,0.5885253384277029,0.7091962403936276,0.2808433106531976,0.5309056619020999,7,1.4420091029376205
218,1.5395469751069253,1.168857230480554,0.898881325122644,0.5356301347537304,0.6089399756122715,0.41008099592969055,0.4214054459209915,0.5847599364490295,0.5844637638460883,0,0.09247738922211819
219,1.6675024523888877,0.9341778848451425,1.7526095414743346,0.3742788349972852,0.39667908394727497,0.3870778427716831,0.6243725040227783,0.49247366707904877,0.2799743621916412,2,0.5509173218116266
220,0.9331320455381243,1.7677703154590734,0.22547272810936092,0.6764055745392067,0.2853972789645153,0.3451327233978817,0.3053291641677062,0.34160179465714996,0.5859881825291844,4,0.8731950291466137
221,1.6304153732770468,0.7529970250507229,1.147866093440005,0.5248747691031066,0.5151982594918224,0.7427519853992035,0.7006426830311667,0.549031885122431,0.6634821465171115,0,0.0973146632525119
222,1.8322830748798793,1.87237659591824,1.1006812778105182,0.3913322013878015,0.4422616591419743,0.46292330362606743,0.2811323744586462,0.6756279020435978,0.34548648557630546,0,0.05029033534476957
223,1.121690278525327,0.4154574629185629,0.34541270196590323,0.44237314220588425,0.44582291440401467,0.6246351422076541,0.6654222412491542,0.3591222992276609,0.6809746919782937,2,0.5771445352648362
224,1.6618979852832179,1.4150775400671989,1.8970649874269296,0.3316056406968766,0.4307737462991779,0.26021822435058645,0.3650128165040119,0.34978720195605223,0.4600041995026259,0,0.09504712506732385
225,1.8458215403889258,0.5812213925748787,1.29216392989368,0.2701470037335209,0.2600316481727076,0.6403160777212438,0.6844329156897901,0.5204541887089326,0.3931853524443101,0,0.07373888730320893
226,0.818314237902326,0.1942891795959881,0.8630681861101642,0.362425015406317,0.35699882485987267,0.3927063448509892,0.47164527414287155,0.39941127950160654,0.6774469355279973,0,0.0005194574555479383
227,0.5341302869304291,0.27603051970035386,1.6158290624630762,0.2973007458685203,0.3608923920246019,0.3664059246264827,0.6290203222948296,0.3603485281331549,0.3065388388839305,0,0.10934148806196844
228,0.40075113484302893,0.3267011239254455,1.6822459434925057,0.30558437651226766,0.404661982239481,0.6316819265908797,0.7410911943241831,0.3379492720492349,0.28215405335666344,2,0.5072639602218982
229,0.6678581091981722,1.2925534538129164,0.1429809195891642,0.3043452626709075,0.26850776357999423,0.26181532815792086,0.2839228665952236,0.5010190154430696,0.3076787203521111,4,0.8528180347388535
230,0.5598466411252252,0.2722844656714281,1.178841629210426,0.7019536191160102,0.6630665701440341,0.7322483198837649,0.6050674974346135,0.7005135629176662,0.5355858401733841,0,0.004734107226738563
231,1.22897456561533,1.567534240259366,0.5940846990314574,0.3345671615515967,0.551090202922978,0.3942343837617469,0.6989884226498002,0.3892285819278333,0.5584520540306549,5,1.1641970064822784
232,1.1445757460971047,0.2728764394324024,1.7275987210706458,0.5401080593642299,0.5643051085785478,0.2661949825956487,0.6309509018290883,0.6516855112140013,0.542671770683818,0,0.0001210447872807535
233,1.800519780543574,1.4219172523032895,1.579232039458261,0.6105172413877406,0.46721095427553816,0.42947253386244855,0.5808437027617884,0.69182586458384,0.48358631927663553,0,0.11545726021462141
234,1.3535514821398194,1.6892918648209698,1.1019222235273773,0.7423480775488416,0.7095987876986992,0.30945295358262553,0.40558925963437376,0.27953192645711095,0.5254628355307065,1,0.38887554505669525
235,0.7493779460229836,0.18940292100663045,1.1327631054031027,0.6748472535793102,0.730944138596826,0.5228394623671762,0.7142306187155436,0.5669981713551909,0.5874811745618438,0,0.0008268113580861114
236,0.11873801290355473,0.8412976848663886,0.22948921237032016,0.4265615396732615,0.25558910769023296,0.5647856575066408,0.6990313237292087,0.4928921446313755,0.3678612380523985,0,0.12550089257489158
237,0.35596703231750393,1.037787653802668,0.1146311673627909,0.5714014137687864,0.3416747320552634,0.6363022407497921,0.47869076051002557,0.36487864060303266,0.5760274720674017,5,1.1495254188773782
238,1.535652048184627,1.5468055956722824,0.6017840826490135,0.5671164551898094,0.734225137964504,0.34389396843309866,0.5410821884802255,0.6059989085057613,0.49885208989094293,3,0.7483478968703372
239,1.6751745783011642,1.889290427150416,0.3903491478231679,0.3189174362055565,0.4558426649713077,0.6428071367944279,0.3425559861785573,0.4495163306646243,0.2574085252507374,5,1.1783385111311173
240,1.8689967214707832,0.9234852350508352,0.5888264470088301,0.619796398140837,0.664109611189869,0.6748065947727688,0.38620101939958384,0.3450961475460935,0.5853082756438599,2,0.43869226057653027
241,0.10793593218840394,0.3192347470473942,0.3947956233673514,0.6951906514701844,0.41722189468556253,0.6741430475333356,0.3260608088091293,0.655481967973202,0.37963766920574493,0,0.001887688738827125
242,0.42731952470938106,0.2635111618470388,1.8205688701807594,0.4961179307328831,0.30856526111631033,0.34264292600416957,0.33438080843909457,0.6417539761609276,0.4308742586763167,0,4.090256071086174e-06
243,0.7166846128343652,1.8279823937734656,0.1681888090437627,0.3298862178538506,0.31135407865186204,0.26246769193253805,0.6503562005100234,0.5248102271054043,0.31273208768610133,4,0.8413883005253431
244,1.2848042719565882,1.4247272028919344,1.0264600875009977,0.5350194031899231,0.500846792089073,0.7230662481177055,0.7246574973098853,0.288751402786148,0.45438102551988746,8,1.6989850001720574
245,0.5989591915661159,0.11833246933236591,0.9899965346866436,0.3626038119859687,0.5884085939498169,0.3547773698612425,0.4228276267681049,0.3667677380922581,0.49421190491436323,0,0.0013600998929624527
246,0.20577550360242372,0.7076216923789369,0.5486398193589029,0.7397063772724453,0.5199677075441949,0.736147933442516,0.6761725027726919,0.3464779783416781,0.43716448778380346,1,0.3886292024709378
247,0.3364660245779284,0.4354700482225651,1.304987941410219,0.7075572376266569,0.5351369025464325,0.7480506634197,0.33926659021231476,0.3846767031592084,0.5967492597991942,0,0.1610484258715315
248,1.5144117144064488,0.825953142844888,1.4622066626698271,0.4643490660904592,0.6608550539727047,0.6077240287693437,0.29055056835821824,0.657415440608957,0.28012102816832857,3,0.687147025702256
249,0.24793176993458102,0.13484470095391873,1.497229312011361,0.701194342090645,0.7123449629385193,0.6895361661127473,0.41946483273299345,0.37364498703998167,0.442117100349958,0,0.004354962091872213
250,1.54955801203498,1.193592044379873,1.5025770985394533,0.3268723382943896,0.7403656251694848,0.33211613710660226,0.36444041587899717,0.3007732619229548,0.49848283120044934,1,0.2923047679074209
251,1.4529050407466886,0.3602961010868304,0.39030161238983685,0.7051313006931335,0.4797436566964627,0.3641556975942654,0.5808220474665818,0.7174514961504886,0.6563041810684639,0,0.1681696282504912
252,1.3739514065297531,1.217187201257586,0.2738509260760695,0.686337198454732,0.7089810238992197,0.7396602766611884,0.4925959892344074,0.6036611015070366,0.6905334548401423,5,1.089505607354574
253,0.4574579095717083,0.727784882707611,1.577125584637029,0.3205429693138109,0.6050882282010146,0.4896748614531402,0.5779236676024108,0.3545695194538576,0.6505600012598198,0,0.1329181263898889
254,1.3089856557531308,1.583389371661506,0.9736077035959273,0.5028922103949162,0.6904230474941717,0.4084075556853385,0.5223211029956467,0.6779024082644327,0.43856789327083556,0,0.124111067248591
255,1.4298957679487305,1.875301574150867,1.1012817968281907,0.4587536456837989,0.47519164038486394,0.4721673970280387,0.6002193309959281,0.3565798819652567,0.25420747161556273,7,1.4828505856037226
256,1.9252883870496664,1.7957997944049413,1.1120518043737806,0.6727579711082001,0.5594863152495748,0.4493035892305506,0.5829939155801881,0.5233023648689886,0.7041638301721056,0,0.03978364636398258
257,1.8765674487148296,0.3598901856030011,0.5669348768707357,0.5937263016283012,0.6527155078079232,0.5828685406638496,0.596561221205649,0.7298766590334327,0.38786317513853,4,0.8644464762770324
258,1.3965447005081801,1.5026357622846664,1.0533977086676247,0.49396720233688807,0.6109541474665086,0.3273560905114773,0.400997129345312,0.7215109351523061,0.3329220045325759,1,0.35521453227837896
259,1.2083170501916614,1.010952071347352,0.13964272539160943,0.6292391969867547,0.5553951121938426,0.4160682622432026,0.6328117326943613,0.6292173422799479,0.5324107155899523,6,1.3951014520852771
260,1.574839019310984,0.6174030822671471,1.3973544397125326,0.3002368434568372,0.6593605700727561,0.44261810525525436,0.7267409537710291,0.3628846889727935,0.6234639077955113,0,0.025192295500883245
261,1.652032344907452,0.8482521448710685,0.9539185873427859,0.302249532683714,0.4840398520345115,0.4797081133449881,0.43679019472898717,0.553700676360333,0.555207249924895,0,0.03333776457007535
262,0.8886391911868347,1.7934731105568054,1.3063576074576035,0.679900200241003,0.3404841014108901,0.622259388868311,0.3167490624831853,0.5782276990464853,0.52751475242299,0,0.020068904901700154
263,1.0702438135183934,0.6209826779214165,0.6278019542538372,0.5905238945335275,0.2789293092882261,0.3551502297640349,0.5812569837870214,0.6817195507274117,0.5465721876727473,0,0.11667621979290331
264,0.8054712531943666,1.028889359925518,1.8011911211409761,0.25913928896656774,0.5715430569567564,0.6869633436081046,0.6330566852727599,0.3983559001697719,0.7360924381541087,2,0.5316221472824267
265,0.956349431144143,1.8386886042784343,1.5777685759200253,0.7036071567452065,0.5568159946784318,0.7249246476424938,0.2858523078746598,0.3473324436876619,0.5669745989655068,7,1.5224640136617063
266,0.5376981597879509,0.8319486629166795,0.18340092023393717,0.4379847944999217,0.6058976063936649,0.3981201254138519,0.45749140959228757,0.4745262818409263,0.7327058297258093,3,0.7402041987117361
267,0.6542303007340281,0.5913458278150586,0.905780636819457,0.2796523080573779,0.3566535999741182,0.5033640660964316,0.30599355699761605,0.683645160512506,0.5724222227158577,0,0.0007709817618668289
268,1.7424966857387039,1.7258341090948832,0.33621866812842827,0.6853023280235075,0.5016771200346077,0.5863083584964695,0.7435133768166959,0.3375057853584149,0.5900496037935863,8,1.641304206992133
269,0.6083025143924579,0.9650732526322225,0.22913718648404868,0.719771940361354,0.5558699652232664,0.2690973278028443,0.42502926285349585,0.45510873316151557,0.29892361888169333,6,1.205493514015433
270,1.5907300316198207,0.47523107778150864,1.805084270600328,0.6655892743292395,0.649424806716516,0.4092478466974269,0.28861030392045434,0.3416147770497625,0.4263383457759068,1,0.34203051498912473
271,1.2872648623418332,0.20227589572527593,1.277907574004529,0.6710372421575674,0.6727110583264729,0.554363771854915,0.6072144920433409,0.5936562396159513,0.6831729270399025,0,2.0589577623427786e-05
272,1.1799076733683096,1.1785391339889943,0.6822149469156589,0.29688522768288816,0.5678572775820068,0.26906897455584955,0.6765678195418465,0.2582809778218555,0.41724185579875267,7,1.530386693745739
273,0.1475481322235997,0.46845334951331685,1.459526313651018,0.48687084930904734,0.4985878314466758,0.46861575116301407,0.5151750024406725,0.40535278433040156,0.5013280758766719,0,0.00013358139194929758
274,0.3528176593393473,0.3564548466725884,1.4732905802686032,0.5106546261923441,0.47083213386091405,0.5168673260598724,0.4573298879532748,0.2783779733041172,0.7379433090276597,0,0.01703178196488997
275,0.3259891770748031,0.8262051695053144,1.8417966169284188,0.43941832913095186,0.5851953201344349,0.38059417489485714,0.26953786565655763,0.4294789549065809,0.5008323241238894,0,0.001247071933756067
276,1.2178512473831866,1.0888157861407286,1.7957829887461165,0.5229128160492453,0.40968895952987033,0.7199510186970962,0.5264966609655207,0.45405097076692724,0.4431551795373967,2,0.46556930806310826
277,1.9088842346895896,0.2918344233326501,1.1073632560249085,0.5719513393163896,0.34907303168212056,0.529725700133254,0.6476505489438504,0.6010132354883149,0.730164206362462,0,0.000151557485409572
278,0.8631809763276571,1.0766471240395745,1.4159406106557604,0.280665789176324,0.5224206890886148,0.3162432296584117,0.6246147010324841,0.49895501497910055,0.6098596490240601,0,0.0005189586678809875
279,1.0158783343028648,1.1650782032960356,1.8829098314005055,0.536628346263619,0.5934563835074329,0.6139913103772734,0.6469529520706931,0.41727483448193003,0.48158958067585633,5,1.009325846125946
280,1.3004148454005533,1.4423714412785806,0.7571973061239967,0.47176907597380857,0.3698256468372756,0.5472425573934105,0.5682564228134966,0.7059469895170363,0.3385473496774051,0,0.046971593456392846
281,0.29817445474066273,0.9182436388040908,0.3935614494093871,0.7438541625328521,0.3190208257335252,0.29034275355077566,0.7258754401669617,0.7182868017263345,0.6236551564392699,0,0.020440323227293503
282,1.6962605202947825,0.878813695250087,0.7381341896790838,0.5391803821588343,0.4275431910977516,0.408381961308622,0.4302760809494737,0.4933251159175602,0.6888083204842395,0,0.05534564939811516
283,1.4036632673056961,1.1995665811911616,1.2809683515253603,0.6095436432148524,0.7404640902157605,0.33812543685432606,0.4196658445326634,0.4815983876054029,0.7267003374720584,0,0.0016678945525631437
284,0.5854746107596854,1.6014372909686112,0.1020948594067595,0.3296938219414013,0.3053048863887003,0.3202152361821559,0.6236860417728098,0.30145221180547577,0.39690297087567217,7,1.4264803236813361
285,1.3452809340642202,1.9629230438916097,1.411968295109498,0.6390153000285397,0.746811994071418,0.3215867249514691,0.6615916149361922,0.319985432563676,0.6435105870870398,1,0.21775001469295324
286,0.5361439489154656,1.9225900287176465,1.3382950710327095,0.6456545209057873,0.298404210650483,0.2724049866223953,0.30293762627039056,0.4771143041492059,0.283308719578714,1,0.27288091145682486
287,0.5413617408028764,0.6863453594316625,0.8061755465924478,0.5147395771471245,0.522863021068547,0.5096432145243356,0.5126739144640294,0.35981861530087883,0.25149614755222793,5,1.0784383427682316
288,0.4263140784746374,0.5745621173925075,1.6370155671626043,0.6239742552074239,0.2749247193006651,0.7221333527373918,0.275445041654428,0.47534078693128856,0.5263824320293973,0,0.013225806071402729
289,0.8629402107611819,0.11012792439685834,1.5991784126151605,0.40135894437930936,0.5093411077104824,0.5920307836899396,0.7002670211134707,0.37363864210910874,0.47171909702755616,0,0.00033767493365735357
290,1.393189265983846,1.7251418277528605,1.948760503750635,0.3846306930707587,0.6489582264028995,0.6893125118865943,0.5413315522830469,0.27403080906040034,0.42915425818950637,9,1.9591533807103887
291,1.0398963930691487,0.7262983163027055,1.388838232357118,0.4261217020043985,0.7012356514452021,0.3448788751090726,0.383314725194444,0.6695811949591758,0.5917087413474862,0,0.00015382859280440895
292,0.8849705174952204,1.9568407638739125,1.5027925093916508,0.6440312750905417,0.411997361895636,0.42373038917086453,0.5834681431166069,0.5924750450204957,0.2594023757853634,0,0.11105380404960283
293,0.7487590941869668,0.7019988986893765,1.4654911182498769,0.2903209102602401,0.44545709914863885,0.27075158238398744,0.4076240047007471,0.6626475215230438,0.727883354886911,0,5.6368685858740037e-08
294,1.9748758517690632,0.8206826941741453,0.8004046911289273,0.535192443329332,0.4127857924839431,0.4596554675797986,0.46706267587156924,0.6475608731257865,0.731693006533851,0,0.015158940616415864
295,1.6567095651835901,0.15613925424440786,1.7366260752700988,0.7110826672447592,0.7012995847942287,0.5138483888114795,0.6705934346129239,0.5496627775495085,0.47140106737592585,0,0.0011795522032873244
296,0.37151459078362714,0.49703511668190936,1.3638856174329352,0.46046573267993585,0.3181582232408581,0.5016193662246002,0.722171152006988,0.7144239447010243,0.4344757462420293,0,3.7496736241015596e-06
297,1.7172746104607617,1.5957754493141723,0.9077959310614735,0.2623804505104606,0.6115698882019209,0.340873227634296,0.7188762860021347,0.5237690166754614,0.43357239370381806,1,0.25851031729475005
298,0.9051822773722754,1.7561453607488182,1.309036179054394,0.6989517325141916,0.4647229541574351,0.29409527396762336,0.4269743183406065,0.6555328356559539,0.6856981329396076,0,0.0004377860174182715
299,1.6068773518955695,0.944612327651581,1.107794768103949,0.673450874377857,0.5237687090600611,0.5630139854193577,0.6181756437759227,0.28022690610524226,0.6048149669768936,3,0.7851976856447065
300,1.8248644219758545,1.8976233184890978,0.5488549408800929,0.27719106099192586,0.34880051552198393,0.5717949399951847,0.7045813997919796,0.4448180164205541,0.3653730184342929,3,0.7878135183095625
301,1.6801610629581818,0.34037617447227353,0.5409148612033445,0.5574942146249204,0.5857604567065422,0.43828673691288766,0.6989727387783173,0.37668728580378513,0.5938665560378933,1,0.21164030647129836
302,1.4203213369723426,0.9957625877857124,0.9885350600007365,0.632718883372217,0.5486098540034173,0.7088220473934923,0.7230243708059012,0.5329742478464083,0.3034991707448687,5,1.0965256874811413
303,0.5147079021910484,1.1847382864877538,1.9794039615332235,0.38178019020770204,0.7226713486331529,0.4927611817296568,0.45115794845452645,0.32145869422740214,0.4576359741534667,6,1.285957525292475
304,1.7841165132981387,1.5799044521630161,0.3567762006050108,0.3413060160424991,0.5259241224299589,0.36374275165254294,0.30519639467407234,0.6048920308366159,0.7058649040898183,0,0.1946332846408671
305,0.18855169928044674,0.8480846001789418,1.690426030194037,0.709146272885355,0.5573091304363897,0.3063959877026977,0.3333755525918999,0.7414891604878572,0.513223827094981,0,1.2232017221735519e-11
306,1.36456626758142,0.7053903489376873,1.308708540989625,0.6475403293605004,0.5761546261965917,0.44160839494099424,0.4981751277052654,0.31817574388613046,0.302800328195727,7,1.5469197499003198
307,0.7006759886701491,0.1095696776221296,0.8890683223969229,0.7306971383208483,0.6527079086234973,0.5890515451364084,0.5807457531783533,0.26517155673204523,0.5441582124890612,0,0.003896194389151922
308,1.0755901284327722,1.6630159834394784,0.7118440035763592,0.5784201877705557,0.2582030721044643,0.3829855905283506,0.27866727412295245,0.5669192957781216,0.5974546942550139,0,0.08315047825076738
309,1.5261304238717306,1.427293437628973,0.7093579736860414,0.4739493708577569,0.7300364287216228,0.3574239170595822,0.5851676550456965,0.3703786627012134,0.7199651116017619,1,0.2292623575208112
310,0.4901454211881926,1.9880930880834808,1.4207036511812055,0.28142355412029446,0.49635334879784415,0.38786421102991675,0.5910166904974723,0.4085904993185247,0.29647830289579774,1,0.2626083876966715
311,0.929587606713355,0.2063263074753798,1.4033356512192559,0.4555676776607543,0.5713672351823033,0.7436823947095408,0.3589362885271705,0.26816805529974985,0.2800338500524445,5,1.1124930983661219
312,0.10281644360026032,0.8084100826525916,1.5961330151171473,0.2751456171499488,0.668652646640191,0.7259678777997374,0.46324336230218405,0.6539858449254119,0.5865382289793328,0,6.69612576427204e-14
313,1.213387340390609,1.5937318852801452,0.28630244268655713,0.4719368572071865,0.6751204121096628,0.2617715833842529,0.5981112562323846,0.5566337744894476,0.6599908954968552,3,0.7929839527674596
314,1.6358615878607983,1.7447952699988833,0.7891039229778368,0.5089099473423717,0.43189761604648985,0.6245499157808765,0.45939937495042976,0.33774852709428277,0.5247888569752368,6,1.3537304027028796
315,0.8046716730345728,1.0018219046951697,1.562156109845272,0.6777973236228771,0.5968849470703136,0.4143513188032373,0.3550672809359127,0.6896326825013758,0.3920315433959658,0,0.04262552124609904
316,1.5549437601531493,0.48597479758287054,1.5238945308443126,0.7066861183039539,0.7209544667467682,0.5590615544457516,0.2729203985043206,0.42544680454474043,0.6025121630443617,0,0.004575442246615159
317,1.5927488179349565,1.9973965565896161,1.0736570124488134,0.45324629198634153,0.746279349398651,0.6851631243404593,0.3283836584816389,0.6564494558643444,0.44594978880116853,0,0.08190578674293829
318,0.9490209626574154,0.9270065581536574,1.3606571505227472,0.6543484377729876,0.6727788334552778,0.5126453022823105,0.7123549947860769,0.5486329836032857,0.5062281902928356,0,0.17795686666285254
319,1.7429798470284925,0.46979770019005296,0.26912582569973553,0.3943311919771821,0.3737452645505991,0.6251774285146194,0.7370208646449747,0.5222091377277132,0.4382830804521735,4,0.8722225260937344
320,0.11201013870246422,0.7091676058964763,0.6264657259762789,0.7401416628392778,0.5919650278322496,0.515027750530217,0.6065066976209712,0.6198293040349443,0.2977411458696518,0,8.977088649379074e-05
321,0.38811099162913043,0.5661482183240634,1.9943979249207922,0.34214705474681445,0.37428011641292336,0.5283741981750543,0.6932671001597888,0.64686762957051,0.6962762544420646,0,8.055329911742543e-09
322,1.7668410493033042,1.502737192214819,1.7231436663321973,0.3273571860245878,0.37004651474054256,0.5873815315427099,0.5596922004652101,0.5691336062918197,0.4756893342800625,0,0.016637602929395
323,1.6654277228034815,0.2773267808110089,1.0289611402143493,0.37281368871588416,0.6416364037183339,0.5411442938582199,0.6526567761409856,0.4546788518184269,0.6967020863632309,0,0.0007094734444919808
324,0.1442537757243023,1.1543118009208855,1.9344943720842405,0.5465921058918102,0.3078775909091389,0.5034248043690273,0.6868495922020066,0.3291594090018557,0.39370979698403824,0,0.004563815764675212
325,0.7397831660714619,1.9904787566631166,1.511407468770803,0.2592643111583087,0.7186932034220621,0.5671041815745799,0.3527096343945057,0.4556445127212866,0.3265941505750144,1,0.3869850366991281
326,1.5922469678127766,0.9376652072853984,0.9697665582755872,0.3878682213588712,0.6840215409690863,0.3790485748365298,0.7126652111864743,0.34811377352929324,0.699857750691955,0,0.09638796517843856
327,0.40849337105250905,0.7837383005055235,1.2058808350594934,0.44475422978553153,0.6827299496675768,0.4529269601352453,0.5312604846521134,0.32743316200896583,0.46772502535355226,3,0.682856150461875
328,0.24455995600971536,0.7330577338928633,1.9063032190892866,0.4073977575279428,0.2772219647393147,0.41370035304401775,0.7445932300258127,0.29362751137593057,0.7206477374425329,0,0.08271244540221197
329,0.33837782369558844,1.194543913102936,1.8392060220872546,0.3127715355679452,0.6725568648947473,0.5756979888568858,0.6855294401608487,0.6949479429037346,0.34030278135408865,0,1.3468563965956445e-08
330,0.6671718681377732,1.5732630327093233,1.8533095347480832,0.3403660089349885,0.2679301659662051,0.4828264147843576,0.7441717338983718,0.4753224972381802,0.7052984887907537,0,0.015265801237459355
331,1.6125078796734327,0.7703071554513853,0.26915993391719617,0.4850390964787678,0.5285408009567694,0.3435738510348737,0.5894128971638904,0.587119189436856,0.6108518028869527,3,0.7405283650609764
332,1.3455044958784466,0.850522556316853,0.6391502309078824,0.3422669637430739,0.6034847296814305,0.45579170354561455,0.5938993651352429,0.7009146653644209,0.5057806966298373,0,0.06166572983703069
333,1.207198149431,1.0085509696360047,0.7729768693996225,0.5703231131684776,0.43998709515555284,0.6495543525988774,0.2614951463651717,0.31562068243330155,0.3212007270744681,6,1.283305103224495
334,0.5386541198279643,0.5162034146934407,0.4293402852982635,0.6997565419244216,0.27080798207123097,0.6824145970751105,0.35188538477215364,0.2833870109031979,0.5415237017729033,4,0.9708573491874675
335,0.8839135277964311,0.888225746536282,1.5273136606433868,0.43264394801318384,0.7419138599056176,0.5335041465521454,0.27580274175830743,0.47163122258180645,0.37331820359826423,1,0.3810804098455563
336,0.5276576508482853,1.6292084063857286,1.669006788916642,0.6203099184508657,0.3665239726991976,0.3003319582411247,0.5333762069680112,0.2779502305566328,0.7230704224495987,0,0.031087633326260154
337,0.32190188205309644,0.6366982916105718,0.7080268988026149,0.4340457310522374,0.4111368719246974,0.5887974744623508,0.27178691956163437,0.44482887162589785,0.3699913731628969,0,0.14290788988692063
338,1.12685535140374,1.3026877809122202,0.20461508505293544,0.46598784967392637,0.6020848142020212,0.6794717394867766,0.49296406618489835,0.3125647242734213,0.43221332270180984,8,1.6949882217063004
339,0.23594196318065633,1.7131123716350392,1.9948656817337782,0.4190886847391144,0.27116399640499145,0.7330179722730905,0.44506423077024015,0.43509307724992163,0.7002633773566492,0,0.00022733704837820333
340,0.6177874982052837,1.5547773051846359,1.6278520798608667,0.3113576973968765,0.4073388663011571,0.25658970052694263,0.3301615783477425,0.4387999228835331,0.705627705877178,0,3.174542485872344e-05
341,1.085281766875128,0.7779824509384609,0.6569789136676899,0.5703228094294899,0.6944610111819698,0.5714002286368585,0.382369602156387,0.6440266530287455,0.39549388059382207,3,0.6703553682232017
342,1.597334525771395,1.0839308725066872,1.9293341820187901,0.6158913194306503,0.5722454126411747,0.35387430466297404,0.6775794743589301,0.6476775928884819,0.4285067920973267,2,0.4367203428207571
343,1.134633105482122,1.1019357570320016,1.5059763832878086,0.48941111010833693,0.6261817895995732,0.5564014667577224,0.5736504387534691,0.6310506760990475,0.415211768486739,0,0.014333648805477332
344,1.1663675120163426,0.8870055235027515,0.2878159875411344,0.548471653745638,0.5894009830781163,0.46384381446641887,0.41151976511034066,0.5887300609744036,0.7421854505646821,1,0.39197114702958885
345,0.5920956841538565,0.20718889363380827,0.9919495622309351,0.7330324805546968,0.3592962809545218,0.5339701694357011,0.7035711097376388,0.3404817362968499,0.25415643273115834,6,1.2918734400389498
346,1.8436894694690582,0.1781769151332151,0.6516438865920391,0.6051764197377176,0.46092844030741004,0.6612785278535581,0.6704150782498828,0.34016262471696146,0.2614437177531315,5,1.1880405131697263
347,1.5359066650446112,1.9433295513154742,1.6826778523930814,0.2500671407907106,0.5397177531459736,0.37434086527482646,0.5504566259766255,0.45783233194011214,0.5890302667706435,0,0.012054510243995184
348,0.4463380659475923,0.32133257435831813,0.9214805323603393,0.4670931083060887,0.6314535379419115,0.7166151827220998,0.4204943396379828,0.3639521044228986,0.3780929138444645,3,0.6001116462313837
349,1.7042193387166007,0.6868550340801577,1.0727568492661128,0.3247902662379883,0.423737555526048,0.2523674894390197,0.7292032398636776,0.4080014795866428,0.5706618234144574,0,0.018735764895309554
350,1.19762885751585,1.1350407032026073,1.862226650400641,0.41884908439951674,0.41984392473163196,0.7060297147025612,0.7346851616796,0.6485241762060263,0.62252064868243,0,0.00023793042543378677
351,1.6543320750512192,1.7952983902114494,1.3186238800195624,0.6059914681829826,0.7211425619420295,0.5148481983211471,0.42763731895253737,0.3603990308776614,0.48262053824153833,4,0.8703984797551333
352,1.178456297221499,0.2908443196760764,0.9327366943658064,0.5662173122166538,0.3462441697656222,0.2978408078453744,0.7164462997254728,0.7368719994344983,0.6635785042083993,0,0.0008667248491028974
353,0.3626571893427777,1.8453252011538794,1.678733093241899,0.5957320822966673,0.7299921260621287,0.6255143798064813,0.698546010932751,0.6623628105282857,0.5375597352516917,0,7.353303118228056e-07
354,1.4854434642996424,0.5363153029308665,0.9519382025056419,0.314520556614419,0.4954697996954041,0.3184475341333889,0.654095014332773,0.5608864408454546,0.48645091663630735,0,0.018604388870030658
355,1.6997615835707058,0.39836057478263576,1.1647201850723858,0.30528240294948994,0.6802466489342331,0.4117821925978319,0.28167673409029903,0.48032714239851493,0.7456065256487445,0,7.078432146901492e-05
356,1.7782885250605729,1.9287781148339598,1.4504731423710362,0.6877815443668639,0.6709390612113493,0.679180237166721,0.479642382745504,0.25012787407415354,0.540116011804326,8,1.636295439852615
357,1.1797129863693843,1.5694672086173298,0.10855338270938975,0.25782196228205667,0.4706161486131509,0.6984372686360012,0.26646117676624775,0.49352547418969844,0.3229557131437917,7,1.4385844460952208
358,0.9572430969445214,0.229429696736281,1.7255168039610227,0.449946124918636,0.30863469539771554,0.28591704479541546,0.5464418491216927,0.7466716961483758,0.7213867252908777,0,1.5012354402816625e-09
359,1.2854666927618579,1.4313375514995335,0.5867914359634012,0.6845878320398999,0.7220500881834311,0.3374470918118549,0.35692228109291707,0.6050110867480745,0.6612278965111931,0,0.1214807513986928
360,1.9696904982594716,1.4333100647049302,0.45548273364115244,0.32424056931937606,0.3945838652209786,0.5920686488535746,0.4515741004166419,0.32919057720514544,0.6658910876682115,5,1.1550067642176751
361,0.6962835512458413,0.7576519572730291,1.9713376608034234,0.3305288686377292,0.6693038842951475,0.4383048451837049,0.5461018253783788,0.3601686738571337,0.6961474070732745,0,0.007842424510803792
362,1.152209754297525,0.511810461076326,0.2087610090515909,0.31673446834115543,0.5768415862472018,0.30417851397744744,0.6543598380821807,0.6947002015300974,0.5373520631023143,2,0.5920459778435166
363,1.8534740503927956,0.3156268106906226,1.0476932712252862,0.45155079855395314,0.32821950741106504,0.3567876210097599,0.44781857540170694,0.2751207897465555,0.3615684006238612,3,0.708062406866083
364,0.8229866380075032,1.306292095601853,0.17811451748954593,0.6471537168182808,0.30671248927601324,0.7158062697591163,0.33007931993401274,0.648077097463502,0.42333002029828964,3,0.639348716473568
365,0.24869202515510988,0.2982694586622899,0.7579261940544615,0.4118141973530028,0.5306117525197331,0.6722424862076377,0.3177872533023959,0.3471025274900635,0.5062129387549648,0,0.17523300365457817
366,1.98619088977658,0.9643680432643086,0.44076640614382756,0.6418407637304928,0.6917542861919659,0.469299694327983,0.3644175926185516,0.5968199629257769,0.6372821490402254,1,0.29575179606015856
367,0.3588790633005672,1.7047946837697525,1.6161983285323898,0.262437877276869,0.5793357101265529,0.6002662402795302,0.29799751728500673,0.6698850950702111,0.2615329922215194,0,6.932936305177889e-07
368,0.1475364765618414,0.7492580971611792,1.9237570896999638,0.503487101810733,0.5557617210341662,0.4769833069756188,0.6541401559811293,0.5073865382606699,0.3953506696209784,0,1.5599527146415262e-08
369,1.8445649234567052,0.5692279571933488,1.2571204088161245,0.5258252779865347,0.5994469194086052,0.3403098502036517,0.6137394015472579,0.2839068921649891,0.5129922814420411,1,0.23914518653172978
370,1.4530007871953647,0.3263907701299136,0.7098408511754306,0.25210098301722716,0.41946953518499275,0.6361427723082693,0.6702688557781751,0.29340858173996415,0.46197452411220075,3,0.6079421602022368
371,1.5789870161557669,1.2357897506680946,0.7888232996890846,0.7234226119959346,0.6448303975660711,0.5223110877910397,0.6250970816906054,0.2665478833941023,0.3501193655765183,9,1.9018231481079404
372,0.8720860220923841,0.38364553741772267,1.1360151748081593,0.539097697353535,0.6993235113044832,0.542754743766982,0.25744227475037185,0.3865687180531428,0.5336338190449609,0,0.08149322365898878
373,0.8314866391369767,0.30762736634816,0.5113542891608656,0.4018886400440279,0.7459839375078234,0.2576399553624851,0.5485409920058322,0.44072052679383283,0.25175597228900476,5,1.141594158244762
374,0.20112036680118334,0.18118090297038322,1.8544471193300192,0.3834724302223946,0.7454370626654858,0.4199005440676775,0.3106826045918547,0.48224839624319665,0.5405975757473345,0,1.6595128547186587e-09
375,1.7498750215560288,1.5623351799537284,1.042024686543356,0.39139923382718184,0.31445966684283005,0.37864423995442387,0.2977809007033881,0.45636439205071494,0.6999913325054621,0,0.01819201389886178
376,0.13710314357812903,0.6791387519118662,0.5283677272119003,0.4429339192212593,0.2704365345622081,0.3956282027822433,0.3132217593339322,0.580718083231524,0.5240045999531628,0,0.0013732603249424309
377,0.6120615147687942,1.8426580431959894,1.8833824250077018,0.36593147210138943,0.512419727409624,0.2663643291188107,0.5160588152466964,0.6749077505521127,0.5622540116382964,0,7.508513532977751e-08
378,0.6270817550877446,0.33136002599130654,1.8471923974912607,0.5507383453905954,0.7192165846003282,0.524188032721896,0.6379338988988705,0.4951329081183534,0.5831051857546776,0,0.00022462964246561706
379,1.9669848109125023,1.9820934164217996,0.2103684975550105,0.6826082904047878,0.26909821545840634,0.5408612030354598,0.38775870191239903,0.6074459906254477,0.34097331588617696,4,0.8223151835131178
380,0.31932368414133316,0.2530376736125072,0.45185434774446964,0.7236519941365539,0.7115020910407668,0.7024426948468365,0.6142235905279756,0.3577538733630433,0.40189123246959546,3,0.7481400902271276
381,0.4785506088042898,0.7436862118541459,0.4328138552236853,0.6963265836807808,0.6910487534307606,0.6554871128672131,0.5587912077862494,0.3136151965490236,0.7056757175157564,6,1.2272128918626863
382,1.9301349162228372,1.5449895620099456,1.193772680549063,0.5308237928157675,0.26599525525337797,0.6092962133114267,0.592644732673842,0.6271951296336512,0.3773808213392112,0,0.041386682964854205
383,0.965266515014513,0.6884269268342587,1.6427503881935843,0.6435644722748391,0.27333741912439685,0.41086763400951437,0.4255457859885118,0.7482938026834327,0.5803527198315541,0,0.00043913006440354584
384,1.5337558985708724,1.2360346295071072,1.0257146025266204,0.7480984217950193,0.6722136281007325,0.37740070780245705,0.6476528990069593,0.27568172314481987,0.36336515343059145,9,1.894093888850512
385,1.5939564055854574,1.8418561514133338,1.2700076314029825,0.5705480218408304,0.3158791360760632,0.5680123055652386,0.6858218594153198,0.3161081910123143,0.5810761803483591,5,1.1871003439200791
386,0.991854643413332,0.9373430084036091,1.91525001480375,0.2622084661562122,0.4386581410024981,0.4033279222194281,0.40916303543602645,0.3380527786259369,0.6494143925860061,0,0.02661520062974606
387,1.550643109326634,0.6982495045517787,0.20053921978573042,0.4785866778882162,0.5049802614012635,0.31749293232572606,0.5505775606679266,0.47694088472328344,0.38829907010165216,6,1.3540786938308214
388,1.3025298255368543,0.9091644133710347,1.349814993104217,0.6356915041505635,0.7220355600359509,0.47289123978019487,0.3039272700805055,0.3625305198161231,0.685583099730906,0,0.009620886227104133
389,1.8541272903979429,0.8081908040868678,1.4868853543028195,0.36124402222658986,0.2536479891543498,0.26721840785644035,0.5807749282971566,0.6618963550322711,0.632097607850574,0,2.2697750215649362e-05
390,0.30605759605467514,1.3935296741663872,1.6619541749018483,0.6812904682306375,0.515213934849398,0.40802521399825964,0.4672320701027953,0.6704017119789143,0.616375089096113,0,1.2874679508596734e-07
391,1.371996921518518,1.0420343632813576,0.3348032166097161,0.4504797375428631,0.7042735389192862,0.39730405578894834,0.5830489384747428,0.2516558241843605,0.26343991976407166,9,1.8131887899302435
392,1.1745525206307363,0.5576145397080947,0.8560689783659234,0.6277128834398134,0.694593030293954,0.3530433027969085,0.27977500478294937,0.31133467040505164,0.43230582923907274,2,0.48294726157207546
393,1.5979623353523793,1.0403715862676854,1.6305677112414394,0.6625959569529973,0.318152544470253,0.4717983796293478,0.7329830038046509,0.375403305907736,0.5495956983177219,3,0.70312032209745
394,0.12182292779788685,1.3173994546717953,1.850797365915083,0.37992744482824076,0.6092051642217686,0.5506894596710034,0.6870659020363872,0.3362892668638271,0.4966373405814076,0,0.0006460617916976683
395,0.4126275793360068,0.7331489098590782,1.180200010457168,0.585049169987406,0.5229691253708926,0.6005621241067576,0.739664693751275,0.6686890805738287,0.42750070470441315,0,0.0002311824708214075
396,0.39081615281745974,0.45754989724324224,0.9820984146235414,0.42824149840185916,0.6718148417783756,0.2621586450715336,0.2564889876079761,0.5085776324792384,0.694354796315169,0,8.084232229497261e-05
397,1.8350601148673602,1.857297081711813,1.789055322003286,0.35512399043091314,0.43187583103316546,0.48388976502093783,0.40014164480526465,0.3509899495407319,0.6951962105546117,2,0.5023774364631268
398,1.2162510582383148,1.0603866850971881,0.5299506447932997,0.6214302141402024,0.7415279892608175,0.4374368157726703,0.6805556536551784,0.3537450702778362,0.6483382155154571,5,1.1300745070299547
399,0.7481680665013695,0.5971712747617378,1.0716575599551144,0.25661482013788434,0.476109128343428,0.5538372531157216,0.2848886689062548,0.5472617465045801,0.4828611887980215,0,0.012548315349103558
400,0.91301783239652,0.5980447886888672,0.7438583337486476,0.6227926867069618,0.48908054285939934,0.7008987443683077,0.6117445828734118,0.4596653481966004,0.5339857438082367,3,0.6321033116700558
401,1.8092503590940006,1.6394856831903726,1.7185993725958668,0.49481758650716623,0.2962104672239453,0.6240879899836735,0.2939556234829835,0.6079605990736019,0.6311900273258388,0,0.005483572815241848
402,1.7910554893815742,1.5946871479596376,0.8749255231119113,0.5350078106831342,0.6643580179686897,0.32004573858200946,0.5253436474281885,0.2904753286483389,0.7401514788410719,0,0.06359508948344976
403,0.3265257028301135,0.6076278371240088,1.292931249772585,0.6602621787059475,0.6464404106304331,0.5726775021262391,0.40609445141535294,0.7358426284774822,0.5015567632466211,0,2.881545925684659e-06
404,0.3383200282102026,1.0685154098921774,1.6450668957412098,0.27937948462734247,0.37627050730757344,0.5764364134719209,0.5781378683273255,0.361480656512912,0.5785741871388288,1,0.2132628642752173
405,1.6695186325957787,0.8806850981460035,0.8312318671324948,0.4492705925874171,0.3487791023522424,0.5893803422158337,0.513995028013817,0.6992786489327893,0.7218268159266783,0,0.011209234107654403
406,0.3047719938559432,0.41408694016380077,0.10579382651481929,0.5474023065097604,0.32974533108142173,0.471230421051283,0.6131216390233156,0.6314727622384606,0.6213063411341,3,0.6191006538677643
407,0.38583731402001964,0.859639772049927,1.6051940891767047,0.6567919995792879,0.25691985656718025,0.29495994339394876,0.3463162535996469,0.6894309826303369,0.5256108725913342,0,2.034811654966084e-06
408,1.3709139162596131,1.2615584445281336,0.4650836146307884,0.3520354909514683,0.6969163592147258,0.6553305727544189,0.7265610269941595,0.3659891730827311,0.6145857696162527,8,1.7642611459255222
409,1.1439761431424489,1.2088777493600291,0.9760504248758752,0.30622577063307566,0.26941240594712995,0.6903807354551248,0.2857832796296355,0.3974923900261355,0.554347172110998,3,0.5995032908225604
410,1.565995411248923,1.7784913670078193,1.9227014696233882,0.690291482831009,0.5697082288062298,0.31125550002645136,0.33997530308397905,0.3729462749019235,0.4650749238708793,1,0.38554443438021574
411,0.8363684703105133,1.403621237087379,0.12567729328193986,0.3702023048718725,0.2622868104077322,0.27549370891918307,0.6163684791568607,0.6218546234499879,0.3598815448242309,4,0.8327797020737602
412,1.1004720055111572,0.46287181928214427,1.0962921455116792,0.6863746991732202,0.43496106304695936,0.32559683036865106,0.604014617403817,0.46352970641326713,0.28402742943429543,7,1.450366508229549
413,1.5494826976793594,0.30073791400097116,1.4745780632546777,0.7084286663171806,0.41793301563550267,0.4249333497378984,0.6628074771956735,0.3684662183111462,0.3584523270032863,4,0.8907677696787392
414,1.6864944099226737,0.9832661152142133,1.0502785556739056,0.5146299254032571,0.5857823765965469,0.4382244631491775,0.2957289639732353,0.4623330730433377,0.6118412128539805,0,0.053698008594067086
415,0.415481786267055,1.9934380386868178,1.8150243290585297,0.26985534440751596,0.368408251898288,0.6138143761286898,0.5237626014394823,0.5934341547798077,0.4089428892800446,0,1.5552354352085634e-05
416,1.1269978771850138,1.4388551996232377,1.0083894704266703,0.43550239361320847,0.568040695759673,0.6808595200596717,0.7142079728300134,0.4741766769861479,0.3166164272145853,3,0.7801401733749062
417,1.6149123104575525,0.17631454157694654,0.9783935041687015,0.7461440502249288,0.29976605013280755,0.5273794069300781,0.5312310891971821,0.6836601246500829,0.2556891260073115,5,1.0479226230073406
418,1.354604918833844,0.5094840571370597,0.6150489163480537,0.3018890002750345,0.724688609185225,0.5437791060092694,0.264659079424859,0.3925637059428324,0.3244205352331491,4,0.9553454416416124
419,0.1994472347547341,0.4500989750687098,1.6373360764165175,0.4241432569128559,0.5637334372746968,0.3538177560421748,0.2794490577771847,0.3187495400409901,0.7399195054476218,0,0.00013509412609605235
420,1.4496843515333149,1.3890892992624915,1.7306067842309565,0.3622267326728341,0.6030122467527645,0.31569168086704863,0.5150826237450614,0.7097235412029491,0.2812416335172247,0,0.008758490229326276
421,0.13831446132098796,0.7954682085715469,0.3140422926036371,0.38340426993898796,0.3533705158904189,0.3472019117367058,0.38136748099982404,0.5227486411174581,0.6170718564876116,0,0.043792123296915564
422,1.5830593173290535,0.7356275024223806,0.12353495985560949,0.48417712955722253,0.6761851278629852,0.4308352402947742,0.35758943740235477,0.535721140588709,0.2683179111553444,7,1.5424437197267824
423,1.927405668697739,0.41469549543129014,0.7749266901193892,0.5431798897477427,0.6291905799126396,0.26968272644147145,0.6716274569250807,0.34610940078974534,0.7234875398455622,0,0.00888337307068912
424,1.7883628831019054,0.21357242079360975,0.13601882123275333,0.4532906120388898,0.5376783595521363,0.6532251177727042,0.446068390159764,0.5969487172316046,0.6576591063157424,2,0.583751606846562
425,1.9079194098034395,0.7319031550838576,1.573347200320791,0.3673587561568684,0.6259078267645568,0.5135867361708777,0.6500222798847523,0.3774782272510773,0.3097657178062296,8,1.7343151431782289
426,1.4951807701686035,0.9539494303997299,0.9078583952165443,0.27545850793518994,0.45770781247766446,0.6300537198888794,0.44335793089455905,0.7055555393087645,0.4817158183357768,0,0.00990670384859424
427,1.2593247872232398,1.9081265424352933,0.26645322270567406,0.37840185723144554,0.39164468351131754,0.6078344364600046,0.6519832459279211,0.4561575054399085,0.5908035719229205,5,1.0315734374881667
428,1.7988404903997832,1.0533218945249518,1.0809335750566107,0.560263214083072,0.6263632338448479,0.7188410493811266,0.49494671696284925,0.681347700991459,0.2653826342915038,7,1.4563932730365468
429,1.2144366251834426,1.8992706286494345,1.9070986053838734,0.32676946156887776,0.6104450478986265,0.4690965479876656,0.7484573971004911,0.5964167081336664,0.6239892042899333,0,0.0004678790576500935
430,1.5301721824208914,0.1531782060957968,0.49291600142002934,0.3498530730623209,0.40093656375997144,0.45828479722457527,0.6824279352632258,0.5806823018377891,0.7290076645775148,0,0.004630270568283307
431,0.6566550372306881,0.522439732009001,0.9942461206346249,0.4294960110964392,0.28436014022817807,0.3555536511142026,0.6888580173793094,0.7453113798039719,0.6271782192391779,0,8.889771100632375e-05
432,1.3434537697905549,1.6783412660152544,0.5237176794516928,0.5222317323045045,0.2778031169594117,0.28991965022157684,0.4365156660777702,0.5593579412964902,0.33904460762164806,2,0.5719598819197533
433,0.5830479999995969,0.34542748254464484,0.6902123193813942,0.4012509974835618,0.6465651638749992,0.4920280293070508,0.38882504655972777,0.7144821336729257,0.692991666975092,0,0.0010728741652324988
434,0.2876287553052579,1.2618803710668745,1.5580127463169973,0.25617789613667563,0.597202317430531,0.3890226729307631,0.6148728298679246,0.6834076760966528,0.4019944913341125,0,4.757722890013721e-08
435,0.49521777936870115,0.9665343647468203,1.440510821206033,0.7435374398175356,0.37104296918399293,0.44588858466714787,0.3270251145208944,0.4248190306637429,0.6603958725987247,0,0.03973865046777631
436,0.24264711576143055,0.2468694392109985,0.7842277669916198,0.6853935015952058,0.6337328992872405,0.7240530027486656,0.6797192483326833,0.42173042310477327,0.4380614620572907,0,0.10075448458062325
437,0.8942499540378404,0.2359767076539699,0.5266529139824476,0.2704301105753922,0.7374362652105859,0.5035440926005534,0.5540125462904214,0.440763938517189,0.47534458481177255,0,0.16068216557567114
438,0.743210716201902,0.915027334302295,0.5062513796041072,0.6872094184680941,0.5480694502324271,0.3691016857131004,0.7461338245737033,0.5919048838154184,0.6105393716965393,1,0.2484818420974002
439,0.6541645290441193,1.6726978489636821,1.799007727601591,0.4542264374540828,0.389258412262342,0.5822856309616076,0.7231296744490252,0.7132506365986939,0.48151860067847435,0,2.232453631014247e-06
440,1.0017236450202427,0.5114871945366645,1.0638931634376723,0.46934394466368834,0.4522383580307018,0.44784152673987937,0.7479148486601737,0.44627405395845815,0.278375955847316,5,1.0612001118601233
441,1.8367041675257825,1.2244040639626763,1.9789239231062037,0.32885915082379674,0.4683327865421818,0.5534063918722755,0.7348564442751606,0.6439551814753576,0.4762365301344931,0,0.00044118849766073176
442,0.8836115903500257,1.705378984973413,0.29157340480433913,0.496493456066032,0.5291943690369026,0.7102648447295357,0.6762285270831303,0.37310301107869953,0.5585197049930753,6,1.3850918899332278
443,0.3231522177875559,0.16820761887695646,1.1101769733076783,0.5427551947088239,0.4351535647606416,0.41953418319192415,0.3152926910044992,0.4910948489621865,0.6035474703431408,0,3.122986069760051e-05
444,0.775485163383546,1.346464558061131,1.5262926880366348,0.3711514365388445,0.4056479441399021,0.5205699190915427,0.6960358515613253,0.6563682884836233,0.30236895702568695,0,0.000468619489319103
445,1.2759796531462453,1.6030224362251406,1.235702437113051,0.4929362740368164,0.5963747151042149,0.3469010402180668,0.42857367590875267,0.555323464228398,0.736823081165929,0,0.0010259157487680162
446,0.45948801298644193,0.7231059999554239,1.1618467587523946,0.3991847033561717,0.74838244291949,0.43988463149602636,0.36467772949884264,0.4136050569112469,0.2765112037639686,2,0.4051910273529
447,0.7224553913675397,0.5867423752606924,0.6356052837914129,0.4579249647867297,0.35003326189926126,0.4042097528192417,0.5943038070092685,0.49067979925967875,0.4152294277577451,1,0.28176094195050505
448,0.7652287498445263,1.5671804444181052,1.606346769203037,0.6838041132588872,0.6445482338116271,0.4487143879678178,0.3912439322144072,0.42624898901589964,0.3991546803211043,3,0.7781276145459775
449,1.8391724843928896,1.3740469404559625,0.1782667654601624,0.6864509196627466,0.6296811906316825,0.5835271289661211,0.6400651734273763,0.7144619029711701,0.5031204777135321,8,1.64221969155122
450,0.7280110297734307,1.9629571105494,1.3191065773174555,0.585140053476741,0.25700031380250704,0.5091565793295394,0.629889574715044,0.4442690332772884,0.5178462492950137,1,0.25102049438045965
451,1.3124006798566885,1.5552648086147818,0.9044000901975714,0.2639652682192831,0.7485301812497898,0.680958636381886,0.7228934067088908,0.3695829261911326,0.33837721149240707,9,1.9375233876710027
452,1.8394643222272906,1.3652422594087448,1.7177967319256713,0.5765482314443882,0.318720133291156,0.2584136040836707,0.6250478960304142,0.37739171253469833,0.5868529448821524,0,0.023717194350117127
453,0.7226969845406831,1.1503377487242823,1.9036792552920367,0.6995879548488109,0.3251717626031539,0.46561139763235854,0.6998517350688453,0.4104647908481454,0.5593402195589414,1,0.2916550949385373
454,0.9817021936248781,0.7418324832297196,0.5810199583462555,0.3451589185817492,0.27845456408686803,0.5108708152422062,0.6859274560157063,0.2560900545639033,0.32536731990595213,6,1.2744844490954494
455,0.5730535864434303,0.8234092801359927,1.3404741903512063,0.5320431930910445,0.3007760839798911,0.38740899442801535,0.3865448550111911,0.4575758974314182,0.30695070350859116,1,0.26224338925392954
456,1.1963374178490707,0.31734397855713253,0.543571424183563,0.5285793335211025,0.32524507326587826,0.2956878521463093,0.6878458386271842,0.2676077345999183,0.2715767819916907,6,1.3781354186336032
457,1.9184729378045506,0.12311929665506671,1.2030634798970186,0.612331200443841,0.573945100517834,0.4953011673920314,0.2548089224571196,0.6759531041335549,0.6476958136455315,0,4.444802389574269e-06
458,1.21247714457389,1.6486225078305095,1.4946129368079826,0.6701470992412059,0.6188570522048267,0.5230104186553772,0.6669433405386372,0.6598112840687063,0.4087811714504534,0,0.04728985832200171
459,1.4390726246911052,0.8372950716390866,1.7446367496546535,0.7027422626503578,0.4871389936495342,0.6682186652317069,0.5130161675030327,0.621949727971848,0.47655827557812735,2,0.4015908270382626
460,1.6798155764695606,0.4725000797721812,1.3001914972491873,0.4866510521834808,0.6163128259781463,0.41903046035545155,0.645230850871013,0.4710166056615124,0.5479263039159081,0,0.03136278203381103
461,0.9983220908691082,1.4099321697087264,0.291499451284183,0.6300534956809016,0.3496378881867508,0.6139691441656676,0.5145151097191576,0.44924317616303955,0.6329767220860242,4,0.8916472159863972
462,0.9378939574369742,0.3234707036438554,1.8885572501408723,0.3577158299771671,0.6164504114715404,0.5435609236779997,0.6421092303262956,0.5922731051483106,0.7373853599647753,0,5.4561897521767074e-08
463,0.5100929908192506,1.5032056322283927,1.7036263003475134,0.5435974641403623,0.6561466894713806,0.507871706137583,0.6488488793656555,0.2791865514756887,0.38731102866713557,8,1.6328228383459338
464,1.510902353005777,0.416667543283752,1.1641805037892345,0.4159152152585368,0.2800015034265461,0.3079405872921078,0.3789546683757181,0.42374682931812135,0.7470385391165564,0,0.0001060857038698519
465,0.4221724598250055,0.344200477119477,1.8319559423076468,0.6048280586111467,0.5649764053207341,0.6835529221134578,0.4667253749510255,0.41431685222266895,0.5725230772244466,0,0.013495973653874744
466,1.255296656429308,0.78740078774457,1.0582857931141456,0.38648741567393474,0.3156016901849521,0.3914104754169585,0.3720716823846366,0.4619511233885516,0.7019756596280406,0,0.0057418862200668795
467,1.3620841606634135,1.1323530068892202,1.9664469620036544,0.7141392377597118,0.252291665090417,0.5397533837808575,0.27224422065569365,0.6610942841329517,0.5090421400723896,0,0.04518011601238045
468,1.8542643227611937,1.2197550096056522,1.1181950601399258,0.5880527151081987,0.5962690526929543,0.3274203379248278,0.5172515424330336,0.4888961290649157,0.6853173313689098,0,0.011762150026427267
469,0.3074552603927432,0.18765316019533326,1.0221049792198709,0.5438666916541939,0.45969111011524144,0.7449753048985517,0.27906651048232095,0.37450611113405996,0.4862756264791749,0,0.05021954013901646
470,0.9007569192618623,1.1047593281472219,1.6299530664681656,0.3241436312408115,0.7170689400551474,0.42607216752375515,0.4091016583185806,0.3367967557743408,0.7396442772104602,0,0.06134285864264375
471,1.2303189415551463,1.9434154646592128,1.8785518671148291,0.6755273806939908,0.7016536435102996,0.2900338810562455,0.4728213235597662,0.606208562961403,0.43976368221211004,0,0.17955546948141582
472,0.2277854593239382,0.5707933015647146,1.0960291180488166,0.4946484329189788,0.3664128198294145,0.682584367714822,0.25305426717438895,0.7473686822232439,0.5010945429051338,0,2.363960918176671e-07
473,0.1700119545789603,0.16125307467538258,1.2564431162612353,0.7024143686584394,0.43550085594290183,0.28795127086006694,0.4160039131108427,0.42788400599075826,0.5207888730697954,0,6.402606653196261e-06
474,0.9750096362079459,0.9590751135326508,0.7263717387843583,0.5115306152867668,0.32498295198236665,0.2943246468333544,0.6807328688772198,0.3349347558655437,0.7287426837740574,0,0.1078516734616974
475,1.5136945889360396,1.3445680291359643,0.4884750995933711,0.6432131422423731,0.5360488295286308,0.5312841258417587,0.7154673536409031,0.5517480774358888,0.5941937002275082,4,0.9152738761876922
476,0.9037349158547905,1.36249198194259,1.7196564930849514,0.33948061623791914,0.45052446338470753,0.5007807427201898,0.44293739755530986,0.5542545080448604,0.5007867003169023,0,0.004362644849779279
477,1.8395634802761802,0.4345998006616879,1.847957569099731,0.29923536577045773,0.2591974334366012,0.6871583480805143,0.693284402659856,0.28753985510140007,0.27281211842101566,5,1.1723712411007552
478,1.696072081069032,1.2418633774179357,0.6545669063103672,0.5552423983568269,0.6235819310356177,0.46846500179803297,0.46513840829126624,0.5678904390846651,0.36723577816046626,6,1.2188460409535695
479,1.8319939530270564,0.2517625015636351,0.8361402228392664,0.28134953196254064,0.5641018311260102,0.3894428771339766,0.31906015666919824,0.5070091321078085,0.4521332866929127,0,0.03227979902961992
480,0.3653506652529017,1.6387994347939425,1.6441151259089242,0.4399975124697263,0.4477556672727463,0.5465040836830286,0.5519579131370096,0.4838542060064145,0.6271759880539707,0,0.002565369362010372
481,0.9116016595378726,0.6739169141120483,1.3332330147918383,0.6316386712968398,0.30739265359562107,0.3384928628922173,0.4802386156292924,0.670210291424304,0.7386021598058432,0,4.8304035931548586e-05
482,0.3830405303750808,1.6925125506123329,1.6278966729119826,0.27124479515123295,0.3634247403262925,0.5538766812459757,0.4127726047207663,0.611515984601475,0.6910593327170487,0,9.082059649344751e-06
483,1.7744932008599392,1.2937351666413328,1.7436446137106965,0.4043764841312024,0.2990546586346653,0.6103549709520689,0.371130600362033,0.552943705678093,0.4353219434769996,0,0.038831755373681845
484,0.5863370016932985,0.9469286824074656,1.3868766374800747,0.575965275907255,0.37464793261186036,0.44096123677353205,0.3598827272322677,0.3224930034657554,0.2689770437892317,5,1.139284512689954
485,0.5745258071040402,1.1787519081354403,1.7175478540029043,0.4052142755743945,0.6653833807785373,0.5576870320288051,0.3589568700843507,0.5887711308473965,0.35780442384079564,0,0.0005284319828693983
486,1.6649788868122164,0.6167674602027963,0.7738945511139073,0.7313614912925748,0.5657532595843596,0.711646934222544,0.35702745261714625,0.273771295116754,0.6163003940928458,0,0.13968381969529498
487,0.978632404135947,0.5695306046524483,1.0497479892677253,0.48682243084919574,0.5479667005244659,0.7319829702337577,0.5530459781293722,0.7137606433959327,0.4171597317529992,0,0.013254654176098779
488,0.5948024124259987,0.2788563471298699,1.9159645259814777,0.6731863920391143,0.424012051233386,0.3766981202239563,0.703226417361102,0.291412472707511,0.486102781591646,0,0.015521853688295095
489,1.4057281277674316,0.9020126280008782,0.5987676493517121,0.5198430127084798,0.5246339353331375,0.5597610977391226,0.47066544712918884,0.45864793095766043,0.6453518337551327,2,0.4092381097401853
490,1.1872644286309446,0.8442637070745143,1.046749451713943,0.4566903120928314,0.3537054836477512,0.6142307280000765,0.5122046441550141,0.49084298095511814,0.600521859556308,0,0.15700308096185855
491,1.3053324136434237,1.3629822010557544,0.3957065618125408,0.5130098862804409,0.36109024865946393,0.4602218327710404,0.6639578541183386,0.6162835257890401,0.3333513236487904,2,0.46480998672784596
492,0.3732760968880239,0.42729717319943317,0.6832327354211681,0.30422837187268165,0.3617036572844032,0.4060471600510172,0.5006800109974827,0.5540746935012991,0.3706738486297201,0,0.01789410252949722
493,1.2335729968861548,1.5080107540233996,1.8974968123868048,0.3884684051482861,0.44174266179601973,0.710802320249649,0.26349053377658427,0.46522156555016625,0.25687270269719825,2,0.41249215235710673
494,1.2260072975025453,0.9338225594068694,1.4126990883181607,0.45300862408952164,0.40603178043474186,0.6641686057074083,0.6387231299173364,0.32214836640884564,0.47657837961025196,6,1.2997401013091716
495,1.8511674809925331,0.34079332694537534,0.6658923582038768,0.5956032895554033,0.5952855980626708,0.746440202033979,0.2517829356480127,0.6392823471315826,0.7059713229265236,0,0.013795506922697985
496,0.658582414003394,0.7514232335480835,1.8587340581867564,0.7348622665634925,0.6412119888999995,0.7411979715330217,0.3059651134296357,0.581965645904936,0.3449239668031115,0,0.00958472668026875
497,1.058057768280203,0.40465985897535406,0.24200766497295115,0.7144462798041653,0.5176304073488726,0.6026771411724243,0.4761065522085001,0.6957171653389205,0.5899851637465402,2,0.589807176124126
498,0.3136696955687892,1.0007829659699714,1.3226507466948507,0.6904887192619769,0.5883743314572083,0.45207928210746295,0.7422921304212912,0.6596563293675702,0.6060294047535968,0,9.148085897379437e-06
499,1.3942769773102934,1.698593624411339,1.7986503485755307,0.29586439711491314,0.5402175587540519,0.5138030387984864,0.34199913604569343,0.6668550488807371,0.40506302099204183,0,0.0003177639262522816
500,1.9017582274131284,0.21485004504116692,1.9220993516989116,0.5051627788504272,0.25621018081809266,0.2739077072966246,0.640856580397781,0.39114783587629254,0.3871724227714191,0,0.1568867605336452
501,1.8697589738290457,0.3051149281691353,0.936957476105775,0.7309752475288938,0.7435083823853876,0.5400518068641698,0.5074757726510386,0.40710163704331886,0.6318503180229402,0,0.007837030224711973
502,1.8313112371407423,1.8160044556454118,1.0571898421758144,0.5483096693320157,0.26488300947692767,0.5350052182521974,0.6804584791669201,0.740491050168481,0.7153864044914464,0,0.0036501522136090244
503,1.2272871447660176,1.4482753250585656,1.5417672509174427,0.6944217682543136,0.5518932979957939,0.6209642594869429,0.6510799990157656,0.49160576298917097,0.7269084972525179,1,0.2676077094648788
504,1.6183718010911954,1.349614637281877,1.285645474199225,0.2736373024103395,0.4142627948435226,0.6000562720931859,0.43422366127912965,0.7063242397177303,0.33053757504178044,0,0.0021663347301505704
505,0.8523907497489016,0.4126764520015961,0.9116561003409582,0.3370109795450171,0.6851679209417678,0.749733317277322,0.4591416767993435,0.3736080631672441,0.29594835358163013,6,1.2523087525225376
506,0.7926382653442505,0.31681386325436495,0.7819904799927269,0.3929957942238739,0.2566976524542317,0.503199019023485,0.6289191045623176,0.31758585215414026,0.6878400780934064,0,0.0387638143172702
507,1.588394976777594,1.2842752377378628,1.470915611385869,0.4945511336576503,0.6271423035425595,0.3391910209510661,0.7215164165509251,0.38401042292380755,0.6778488858683196,0,0.011509376897714339
508,1.969963872487742,1.6738766647261771,0.9383818006504575,0.525720903983314,0.46529465824741906,0.3688138825988864,0.4892368541252043,0.48457173261597114,0.6312136716118553,0,0.09834716963889802
509,0.4063296595068948,0.7042579832699359,1.2837531439047765,0.4291198761314137,0.7127342704060001,0.35146896654242404,0.43319581649003647,0.6957000207755158,0.3901306357476506,0,3.098429227345288e-05
510,0.2927243069342579,0.8864948116114045,1.414964237952601,0.5038226851947254,0.4701124000099936,0.6611233925124801,0.4333619324495715,0.39366808530278147,0.32777706258612893,0,0.08806052824378273
511,1.6251366697288785,0.5255811503395202,1.0421357533754134,0.5772471988484769,0.5564955240550189,0.585581388432316,0.405984423387713,0.4093639759059412,0.3933615588356453,4,0.8214868371960619
512,1.5512128789037378,1.5055816843201981,0.8431828698367245,0.539230893227109,0.5174925266308729,0.3411262832665257,0.4868632017223762,0.4194745219266789,0.3404784625112634,6,1.3348180707029942
513,0.6430531725991453,0.8470646493799378,1.58465165308704,0.38524906909483886,0.5546128226912225,0.3468435488271634,0.3839017267990354,0.7422993258118029,0.7452518513673327,0,2.215375366119187e-08
514,1.726428140235836,1.522508399064764,1.6189594141548191,0.5923802093767316,0.6943144096625884,0.536024251924614,0.3805515964900304,0.34284500997982587,0.37093587399669004,6,1.207522290565251
515,1.8110974511324145,0.4505966806353735,1.4995359444128276,0.5187377196451325,0.5220181866503867,0.4303473344208388,0.5706015410822479,0.2563395108339557,0.4808164828562775,1,0.25291089313856885
516,0.637465490704119,0.732011019363424,0.29279389578783677,0.5208184606277557,0.607893842551839,0.3645497281505233,0.43524324060392605,0.3695035024357114,0.679140854191371,2,0.5390133338043984
517,0.7403973026585181,0.7601888170761578,0.8767998186536015,0.6472192910827395,0.3356820071270489,0.3328070271824275,0.5622163862980103,0.2598423758128508,0.42775162010125406,5,1.043668393442562
518,0.9310071845478255,1.260968511529222,1.7061723296247808,0.44801863928691843,0.44496459585964887,0.4074901922617276,0.2593640810595709,0.46602623653491576,0.6095294127465456,0,0.006721012725008809
519,1.4992074779655533,1.1175256932109043,1.3113894487983364,0.43379076486536955,0.2554306676005762,0.35818097394604526,0.745120365551275,0.3352035816873435,0.5997125679649951,1,0.2641534464983777
520,0.9368943299439736,1.813946509881813,1.2250708485935826,0.3438615849647513,0.32337731109034823,0.6898497024942449,0.26045737222969273,0.4296965816641555,0.284822040455313,2,0.47785269102639577
521,1.2752861255073744,1.3927903491157434,0.5637954022865199,0.40935047932673513,0.6762853967997469,0.47205128276759245,0.29946967962893833,0.7096896321953778,0.4433458524396299,1,0.24034355944886018
522,1.286047101377163,1.9865857456037845,0.23245077059156574,0.5147955090687638,0.37659130566556176,0.6678097616929638,0.33983358801954466,0.39929989606610666,0.4107662601321417,6,1.2376419519901547
523,0.8889941787270722,1.26241157454085,0.23392303767111006,0.3688030478150388,0.41807748544074397,0.26094985978711294,0.6946476921082193,0.6566771605885611,0.3948770625656466,2,0.5586203452149616
524,1.0304865078808916,0.3569305951989753,0.7192498155170248,0.7396536442789319,0.664357902400876,0.5062291056727584,0.6231645877029586,0.39855198345187864,0.6998212837666861,0,0.022079494672555735
525,1.2544660296215628,1.3283676236818218,1.0986341019746875,0.5093300933505052,0.5758522587705925,0.41092599620567205,0.2725493930175322,0.5635683933882492,0.7204558639360206,0,0.004543966095095161
526,1.8188552554408612,0.2831902437142365,1.115465016639427,0.5215289816797617,0.6267858898446546,0.34183165857792014,0.6509342407178754,0.6757028254973407,0.48140131031547023,0,0.05309919983248229
527,0.3534388643976131,1.6485216422390172,1.8096528431199885,0.40561656947727015,0.3144133111120691,0.62664756530214,0.5735103831397985,0.2681782215584268,0.407168024348723,5,1.1057812935960125
528,0.9138956238403513,1.738951631469303,1.995426912104669,0.5494137893255657,0.6304106108413815,0.4905359423091371,0.47652728132553107,0.25696072166841916,0.6219844863666116,8,1.7057078273689794
529,1.0680232732263317,1.9631981226987092,0.4730703592125668,0.6156426519443803,0.44729104185032087,0.27225783115413393,0.5846414892709657,0.38519640420455514,0.6510856786527026,3,0.6621737650096112
530,1.8209717275446171,1.0437265258863788,1.7250530524863972,0.5822119220228681,0.47170048925340113,0.5439588347618302,0.4308306096638881,0.4061353302284461,0.2721020308911863,8,1.6009621576503452
531,0.5977078825683505,1.9940299310229121,1.8967764330416086,0.38701428624126993,0.6328379410555105,0.6128462516227782,0.6469478289309993,0.36668855800851385,0.4545017948771363,5,1.0750408233041453
532,0.2209268811878049,0.5245917359839984,1.1185490626566088,0.4014415032404596,0.5711115730120002,0.4698203206733345,0.31007671666783476,0.3635471605347626,0.47428779964400775,0,0.04316650558477892
533,1.4511592579285622,1.937732913986535,0.1793308451104617,0.7126489133420586,0.4780346460839788,0.41715055884408797,0.40828170342914083,0.7290042551228519,0.35337701534875704,6,1.2790196322847585
534,1.4024702643825842,0.315376896095545,0.8305593644659308,0.49227710432353533,0.5282969447404895,0.4026035739889046,0.31719043640427075,0.6487738346401788,0.48698384841621856,0,0.08210107900295081
535,0.5137471553464626,0.12528122126551355,1.1993764598782501,0.4747162603945933,0.3244771855521015,0.7083181591328077,0.5963744192675179,0.3254283652115925,0.5497239606960371,0,0.002117849011623475
536,1.7991405175500295,0.2860293378217852,1.8312487949386298,0.7477522571057187,0.5641146881152613,0.35836334015749816,0.5950943040248469,0.30995372326497156,0.6796655077591046,0,2.2508268213974743e-06
537,0.838385397034791,0.4914352820844008,1.5892151014227227,0.36934713646256884,0.42624881202244197,0.3151907666170437,0.7356625333300912,0.45818316260531394,0.6305582133811423,0,6.097282346120275e-05
538,1.0655055677181402,1.9174438198704171,1.6508894533226253,0.4256944774841156,0.4576104302066259,0.261128638180973,0.35562445381498675,0.31324727087461973,0.4762386300282892,1,0.22330964552061527
539,1.299740584490663,1.0260244303157395,1.2304680890183268,0.4048544050505887,0.4976755453902271,0.38966209643735933,0.42298311824850143,0.2900141784845567,0.5278929092065394,2,0.4739762816812615
540,0.5120663502875314,0.7350341545663373,0.6977897972086372,0.571776107023701,0.35344067691099224,0.2690079073816343,0.5492627327878103,0.6586917647986643,0.5946237050709762,0,0.006210911479667774
541,1.199697115243235,1.927588789487663,0.1312581231346847,0.43773542117144804,0.7338677304043177,0.4609293824046554,0.6314057904666313,0.33524054787090485,0.35624056607945287,9,1.8446641024256283
542,1.8307894262511326,0.48242434217197216,0.24888826517278217,0.3130259192976108,0.5169374588511273,0.38816522583398344,0.6705076118639817,0.5598873338465443,0.7162915219676196,1,0.38454325301943865
543,1.9633580022282098,0.2995704999107991,1.7195835920907179,0.3174198314984654,0.27423270659635857,0.6997948316466724,0.6771450638137773,0.41588345301996377,0.4586597029198883,0,0.03740211235459087
544,1.7893792614723798,1.3711127411342046,0.8589502264617075,0.4912382929592283,0.7072345651267931,0.29666134795369636,0.688662465287327,0.4220687682345926,0.28792424814657075,9,1.9325128188392382
545,1.3643082652509053,0.5905157256361833,0.4914108421382529,0.655095798416568,0.4557904385297983,0.35163517529943894,0.29726519217866876,0.38882715387784667,0.5297295746029884,1,0.35318066999663267
546,0.38074554293319096,0.4007293983733453,0.2493440815320049,0.27685573353380327,0.7137304961823085,0.595665315158072,0.3859141691243286,0.6281135202625029,0.35585483746409685,1,0.33212209519945135
547,1.69860695554295,1.2734179436946202,1.6204355463359685,0.7305803355187401,0.3866358563949718,0.5061013555088532,0.361468163833255,0.5434464173883389,0.6482920809535002,0,0.006601625476567526
548,1.4573637531328187,1.9181510951182117,0.6244998119928363,0.5357462849896986,0.252373150148352,0.6260012438789673,0.5708877925065272,0.5176992033010106,0.5751664304374651,1,0.331253241994351
549,1.2129368331690804,0.6643620714618037,0.5913547409655795,0.37237506494408684,0.7194927585356865,0.6997102932447239,0.5622956484765738,0.3888155785540404,0.6409747676456113,4,0.8182878845088525
550,1.5679619937386922,1.6019945575419559,0.6751418491955439,0.6841096497142549,0.6806664561335428,0.7365088970408467,0.6524654528584894,0.4213278735477183,0.6873493372942574,8,1.7925886697541042
551,0.8555561838425119,1.4847687335972555,0.198864251351416,0.5542099078517131,0.45976961556736956,0.4494424492768268,0.6383660313987396,0.5431908446018323,0.5830947711897583,4,0.9611637343038874
552,1.0651940919392706,1.6007244040518687,0.3798129083233578,0.40050817383763315,0.39069905326466875,0.33401441603971704,0.4990958441573441,0.5713553620986308,0.4621577854043539,2,0.40588567314612833
553,0.6886475510539195,1.9669716684630814,0.5905464237553447,0.5260439608711419,0.6437718786685804,0.30100637096605387,0.5894627513206023,0.5452120543848131,0.6770172520011188,0,0.07479966685186322
554,1.4410336760003324,1.8970972051880548,1.1130727205087554,0.6132463498299296,0.5845404422273623,0.5187879277829563,0.5545912076970527,0.6566855368772577,0.3643134362767025,1,0.2037916628405942
555,1.8102451273862092,1.4775051782538464,1.8743089760298133,0.6671891158441863,0.33861833698235505,0.2916419136697669,0.4931652815817081,0.4028861731899766,0.7485399595974175,0,4.84578242221959e-05
556,1.6675416656207105,0.36379322324779595,0.6863364532978371,0.484368148501534,0.3223702799638355,0.7490532783988891,0.2537006672679497,0.26609132210534786,0.641277356922537,0,0.10313031940158555
557,1.6255066860677794,0.7385305057739099,1.0376938704936034,0.2910100913238782,0.32749792299227776,0.6457951969980806,0.6575276443174253,0.26083093527211215,0.47934330874517656,6,1.3165078302183373
558,1.9201396697396786,0.20141333768755465,0.1895680889330257,0.3135236572476879,0.34529464745336036,0.25131741520375245,0.6114817333178677,0.7471710451995095,0.6652500526414822,1,0.23823546511976718
559,0.6129457972433979,0.4842551707939622,0.46869209910486753,0.7450042178290077,0.7199624469642988,0.3819424127741836,0.38672337977268423,0.4561826815004495,0.46654075792047117,2,0.5023485099570955
560,0.8012910904087469,1.8303704029704957,0.8104768327438524,0.41443552598104433,0.5484378532519093,0.3336625888380794,0.6351665179303465,0.356800918709882,0.6529643524319488,2,0.5910031125569981
561,1.0662314986412784,0.48809131523303395,1.673126749182317,0.7206270816208933,0.3844085597209619,0.5488192513226192,0.5710787282987349,0.37963233012234937,0.5633825978602305,0,0.03510100359082928
562,1.3531679312322435,0.9080799183055625,1.9086238510209204,0.35970508202547474,0.4589105999601678,0.6980110745966619,0.6445862061414571,0.6473359312729565,0.5249200738895606,0,0.00027230280818527373
563,0.2151149358898939,1.8219162333800012,0.7878873860282176,0.6475434192228697,0.3821481091469001,0.6206352578546386,0.3091945044481412,0.3150352589555732,0.4762675886980799,2,0.420468276201878
564,0.3063294573949254,1.5628412538907834,0.5006445300022687,0.6858803790956531,0.46018202325824564,0.6488781263685669,0.7273092422700137,0.2776954740654127,0.2510156024954122,5,1.0371534049742028
565,1.0666429097671009,0.6414077806795215,1.3644670204791827,0.5721299514792872,0.463778199766415,0.4042701888486731,0.6783312763764807,0.6207944101574779,0.3624881851242568,2,0.42728214154438326
566,0.4810147770633215,1.4772693976350486,0.6454969873051548,0.3619693195388138,0.6480161436130862,0.29372913362905567,0.6165007245096428,0.5481959385508857,0.6495595446238304,0,0.017863585855720433
567,1.0384226695678682,1.0990456504798962,1.7354357750406706,0.6891420287206269,0.5395006002727836,0.6040099199939863,0.5912173528116123,0.6857052441694497,0.74942280828487,0,0.00029627675113080533
568,0.617504057696423,1.6990472674669792,0.7223187518326203,0.25511256590602227,0.5633850922316384,0.49238173286251025,0.2592334694697269,0.329236461275108,0.2946668750297855,5,1.1813833779219256
569,1.239999219780491,0.5727513181068742,1.6192204358564501,0.3475491073041208,0.3212697925052716,0.2764692439842815,0.4427042906614966,0.7219591610572378,0.5393163898012051,0,5.95974353040638e-06
570,1.7944329533906136,0.40707321459023693,0.6453338913728266,0.45370684060521643,0.3075119029673653,0.41393678886171387,0.6685248904548773,0.3174245318011994,0.726909055910364,0,0.03783413704799857
571,0.17425498169793735,1.2864816119803324,0.2880380207719411,0.5622401519015053,0.727243645073884,0.7119524583579435,0.4700006793426189,0.4196482493990591,0.6617753557429592,1,0.35659277817598745
572,0.2290092959474085,0.3204192276188136,0.4513942175798946,0.35764508423771224,0.7222863730861351,0.37017656278875977,0.27564649776516575,0.40590172636142346,0.2954854140907799,1,0.22208939646387696
573,1.777471689979457,0.3009232048436723,0.160471087582918,0.5483898541170255,0.4279356549015299,0.3072811603055647,0.6975461633017612,0.3613615678881576,0.7270510385173177,3,0.6572556416005829
574,0.4559007906273115,0.38686673363054336,0.8496247830855643,0.6115104575376569,0.6355964150374136,0.3746810166206746,0.30653903998434956,0.5770771739930773,0.37794247553324206,0,0.08709761941516715
575,0.47604831793451363,1.6730625508520445,0.26183345258596674,0.40856393776662236,0.7168447515027883,0.4541172203269929,0.2904953150755797,0.6924582325301794,0.5203031991725817,1,0.3112445031789852
576,0.2869500324779738,0.6532206792175453,1.560445925399042,0.27209490427286054,0.4821648858665575,0.6926294988775306,0.7296653990067774,0.45401251902528755,0.3732157466355842,0,0.0025796635440717354
577,0.3886325411654087,1.6040138811555735,0.25311851531188556,0.7232372496897714,0.4405431727916979,0.38492126658019954,0.6537888557312486,0.7212868302995836,0.7177547885069823,0,0.16221205619137943
578,0.3857396185645662,0.5801157951942063,0.4616453832666547,0.4046127904895908,0.6847044903142385,0.4119081516693483,0.39114511042967437,0.595834827266903,0.7392914178352329,0,0.02492032728464278
579,0.8689041318141786,1.8206802349344364,0.5861433919298771,0.3093407539850193,0.3725512756182319,0.6732323764847795,0.4858975086580412,0.27955374282934387,0.3024611361790002,6,1.3529664877260161
580,0.6900609646086605,1.7203649661059273,0.826578654928994,0.3693731795824239,0.3091686306473469,0.5643753438056617,0.4848124979906676,0.37197913587147563,0.3100792800237374,3,0.7379539576714346
581,1.6412850835411983,1.4057455248941353,1.4336298727431132,0.6983864459642166,0.2743017650231314,0.38349229758770137,0.5207172153192969,0.532279722732272,0.47841822410272344,2,0.402055671824418
582,1.8654764297958508,1.3260324264829457,0.45265731527662834,0.27466825016022095,0.5304431729961043,0.7020824297269315,0.5890330415130665,0.582486985698714,0.47513520144728905,3,0.7248371019791564
583,0.8261499639892563,0.4986450311640285,1.1578077827615962,0.4208527380186286,0.4708008044161231,0.6038976715407589,0.663990579156573,0.2773295835778338,0.49288303243777176,5,1.0858226737698409
584,0.10779348151441252,0.3374860772658065,0.8129518662073679,0.5333482282787609,0.31906329322011195,0.3828385742343794,0.626862497759817,0.32613817608738277,0.30365235813710884,0,0.030518652655408398
585,0.8250158024279782,0.3172308350037506,1.9998229002984835,0.44022019261571477,0.41048266802741307,0.25430170835308286,0.42124032842543796,0.7436197219548425,0.3499999498256301,0,0.0007474158108129812
586,1.290413557533034,0.7976389930454147,0.3739862255583425,0.7337272204923411,0.5722918840696627,0.5360897014831669,0.3084934990653162,0.3340859980842291,0.5245369473465894,3,0.6436705894508551
587,1.7471710805946512,0.7167290936527156,0.2892871657139944,0.7415015510179266,0.5128616523276956,0.6146318693699614,0.47972574006857327,0.714287295003778,0.6676510455798859,2,0.5549664937289083
588,1.4352382007353601,1.87715781161764,1.8373046564651487,0.5345509323458784,0.40507319752651383,0.34925481963600724,0.5899885174652795,0.59118970404398,0.6515320940380717,0,0.00023865938040357188
589,1.9038502176398149,1.9713070425362187,0.6574015902176685,0.6959140330208059,0.5011410751836266,0.4711360947911021,0.5486977179294352,0.6456179863535485,0.7103714041954274,0,0.19326603072768866
590,1.991686103933365,1.0995369390348553,1.501731934953011,0.704636054468645,0.3188406028983325,0.6078000085820974,0.565213946940341,0.30837362051510664,0.6744343576778868,0,0.16960930427681406
591,0.7495503766520067,0.678385968485249,1.0947499172930417,0.2909110339984146,0.45480738375799384,0.5034499921657702,0.6216997936597932,0.7136545378109287,0.44534066869341354,0,0.00043473772599415095
592,1.8776288351052068,1.7647245886533631,1.0389250393284646,0.5385325976264153,0.7093903691263979,0.442039508862093,0.5774177601443697,0.41188238063834576,0.4617351968642869,7,1.5576756092808337
593,1.6174378379655137,1.4737209946042131,0.3049801917656762,0.5029412277480197,0.35735194440772233,0.27108260031120845,0.7148772617572554,0.4204113801595032,0.5277697482828438,5,1.035440196802225
594,1.5595009994659603,0.7179855735276477,0.988997488562806,0.6871996177939097,0.43233025359215477,0.26643436494850986,0.32067284759390613,0.45612538850757295,0.4570180325410252,1,0.36381484983076345
595,1.505531608366863,1.198400218299359,0.7307499961467359,0.5598919114915502,0.35841441682615555,0.37458002135346496,0.45006499441063896,0.6978917908903977,0.6550267339382457,0,0.03549199012242232
596,1.6038457281235843,1.1791897521421477,0.28994253168105627,0.47761351969116855,0.4892824091054816,0.42114588947856807,0.607726263723176,0.7378402482738259,0.5572884570160057,2,0.5922686179072153
597,1.9229109702924352,1.6526117475923323,0.757162886213117,0.31002103850259877,0.475588393328824,0.6265216119517203,0.4138659957038479,0.5239244799865166,0.5582618599330332,2,0.4232690326391992
598,1.7251121303000776,0.5773265481298431,0.638314888476423,0.5181220658507573,0.2980252164262852,0.7108437754843164,0.322775362486548,0.28624499675343185,0.5979821661403355,2,0.4550524736741708
599,0.5043246056300087,1.3432441589178021,1.553714212491598,0.5668415096303421,0.6554140366408217,0.6080439123058681,0.44111075666866145,0.6839821660441452,0.5047471138997834,0,1.3519600413905855e-05
600,0.11572219121731536,1.9887269099595482,0.1300264542519895,0.272193667844526,0.28506374407693313,0.4409937734784126,0.6473404061091372,0.7227525601676905,0.3332897637725113,0,0.11797245567627614
601,1.5416502498615323,0.3299134071625833,0.21222544929895332,0.3507804917174592,0.6348326338736501,0.5826650345306114,0.5236284028082894,0.28162147939130366,0.6360180601587049,3,0.650224557672377
602,1.0865081153681653,0.12098521894000973,1.8713010976071371,0.6037672366142695,0.7052086894906662,0.26292461644009246,0.5293603204139629,0.29695942184193524,0.41115508366006487,0,0.0030534616414315376
603,1.5883689646669354,1.17422790432209,0.7864294826582217,0.7378593802320723,0.32433835420830187,0.7268107411736184,0.4448264556475444,0.25713919732477875,0.25492366567800606,7,1.5076050569352601
604,1.7624689487635596,0.3269744205183035,1.493962881175482,0.3596836124049391,0.25028432452386484,0.5938132374773464,0.39031126319053316,0.6065907124030638,0.3035654814489833,0,0.14603017315928815
605,1.5058972655668073,0.99960999761666,1.9010456024530658,0.27777584188772664,0.3522633801717678,0.4394072002930736,0.5602233308935594,0.7147507733816153,0.3885658688276484,0,2.5923031443182987e-05
606,1.0239513043184252,0.3713958072666602,0.23565791410382597,0.540824102208527,0.3997150505309269,0.46302502477977403,0.7181125338369181,0.41874123894093224,0.5407319994233988,4,0.8667432170362075
607,0.12936562093120613,1.6860254094727234,1.4183634380100123,0.3385286361291996,0.6860387679088087,0.2790885492940479,0.43909938177590196,0.6391347411627868,0.29408128401695244,0,2.416247526600364e-10
608,1.873439665387012,1.327116646723264,1.2844991328992663,0.7410844924495209,0.28190243669843495,0.463945806397243,0.5951574868611135,0.3064524550021947,0.4191542288373766,6,1.2962682860591364
609,1.732395236083593,1.4511561000754107,0.20328327057648674,0.6532382762257738,0.2972705611672205,0.32650246212522394,0.4793328117368506,0.587785976306491,0.6775693969721274,3,0.7786582416174261
610,1.5151642584506677,0.9119047949484318,1.3379920413354287,0.5812675689389837,0.5539064410078145,0.27386076264643494,0.3815857837131706,0.507445506208195,0.37744491086719795,4,0.8028322859100739
611,1.1611908668108806,1.1848413206391675,0.9647826118520287,0.5679967593808561,0.5715809460466008,0.5484679833422555,0.7492005358181522,0.5102289988053734,0.6437728069065735,1,0.31496252467400787
612,0.8023216113550948,1.259860412832134,0.37042636991094735,0.3450221780856896,0.38349124819465635,0.37573320027570045,0.28995622747535194,0.361862330180042,0.49805178966034996,3,0.664758727931947
613,0.9377949862895552,0.5350263430505127,1.0291137551432898,0.7037432623637652,0.41744626713607386,0.3041415323533616,0.3364770100390875,0.7327924142643085,0.7496674392856627,0,0.0002536482484408477
614,0.28801355625612846,0.21726295621778902,0.12751145944739348,0.2884498206287069,0.5959125225686686,0.327652269549951,0.3901668900296247,0.4044752988032774,0.2711052895426759,4,0.8980406552032035
615,1.0583107712019655,0.18604947830661142,1.583455736087024,0.7483598616004972,0.38062515780323986,0.5638228947022325,0.27830337845936826,0.532007572608874,0.33244123536736647,2,0.4386382662984046
616,1.7236180931159943,1.9287486881716933,0.31135445483559776,0.5305688661142589,0.3260066965488588,0.4170232724481443,0.3749187678287022,0.5757645818253052,0.625497391777289,2,0.5102244603254701
617,0.2423878162831758,1.8053622357320878,1.3804114262016849,0.3442228903323722,0.29246655120953946,0.5875134266398949,0.2809486453888548,0.3789381844003926,0.4572186986978751,0,0.04672938098889158
618,1.85954026914816,1.0376438780177568,1.200306995987134,0.6598685904040128,0.36347067258294224,0.5938960520219653,0.5216150391456684,0.5961565800206925,0.4439913722493284,3,0.7169230330674553
619,1.2086990086006841,1.9338260597819734,1.2371389637306243,0.4266419570430787,0.5699035779213081,0.367970309229237,0.4082958854016377,0.6319411488518287,0.38015965309323774,0,0.03819399018078725
620,1.0684506815566401,1.3400437934713774,1.7675506341443483,0.5442288937502238,0.3923650281722096,0.44340042206888397,0.6203966081017842,0.7372172864514805,0.4877174714615017,0,0.00023799241610905888
621,0.32276168673452,1.4947381611581583,0.6122898501904295,0.30916559602176963,0.7104948802598118,0.7008438697868656,0.2717350720791658,0.6838950018631347,0.44497131212842916,0,0.004424028373089899
622,0.5073236720444873,0.5642313632350239,1.10342276808863,0.2644861296166897,0.6599080809496249,0.27698790677885277,0.28651852492465407,0.3771337576595704,0.6486971500944094,0,0.0012643940257302411
623,0.8573414382599925,0.9969338957203029,0.2943002516833554,0.35895240456032523,0.5530735713757333,0.5836793376903835,0.4397780301618476,0.41772757180222464,0.5581895410158779,5,1.0649175098219874
624,1.5209267769239698,0.11441703522840274,1.339769046482836,0.5820391951297889,0.5282711028882694,0.7001873568213082,0.5675255560985661,0.5686675668451179,0.5160829789706844,0,0.0002695039043818402
625,0.4552889861031364,0.9580927749097663,1.2605975076754523,0.43704015405889685,0.4017846672182145,0.34115157225862025,0.35761501067081675,0.29686061339548486,0.35457553064474456,3,0.7424753892863597
626,0.7650448295122106,0.717719473627277,0.2241644661422802,0.46667635926843115,0.2652610699499149,0.42070558934888563,0.44376204581957945,0.6270519567189335,0.25139099496569645,3,0.631211116606301
627,1.3149154421636424,0.6785092971826268,1.1388696150661153,0.42695789688218044,0.4369765230976629,0.6620856758979108,0.3854572863703814,0.5382385885793446,0.7364834021907111,0,0.015503451963305383
628,0.48986847843810843,1.6768132733852488,1.3381748384444048,0.6657762434353851,0.4713841156007571,0.7130653863453627,0.5842470477785147,0.33976851964260596,0.4347050750699369,4,0.9452229596340949
629,0.669695614301949,1.3020941356303317,1.2812178211160352,0.6344721633760653,0.7131014039575216,0.694251061780862,0.5664144559423192,0.7277083025179713,0.4646310588950508,0,0.00015881453203621883
630,1.9784715747990718,1.5433183305452367,0.4118637418714959,0.52590192599805,0.5190097065348427,0.5799436224097135,0.5745941347912499,0.7318339111619986,0.27816681496477264,4,0.8288566640429476
631,0.33388554988921726,0.30029568161580866,0.8372330874226082,0.7454318719044426,0.4055142460734024,0.29739646134245923,0.27412178395023235,0.7127675963239626,0.5699110316263358,0,0.0005547616035420068
632,0.1021063142503017,1.4633091163777385,1.5321440090325313,0.2928340647546569,0.3160076045748217,0.26501375038523106,0.6576066675235681,0.36446384184793046,0.6856337539934996,0,2.564152539894656e-05
633,0.896944811048442,0.393355265719073,1.518983059844313,0.43142064889959475,0.45906915869016895,0.3002311491845715,0.5760543405832305,0.2730444996336406,0.26851568545115323,6,1.3548183047624889
634,1.0583272261307521,0.773585862881522,1.0043798776314992,0.2794549988499825,0.46354589810600144,0.3441426843074684,0.32470356286694074,0.41491108595223697,0.6542201716094017,0,0.010364948389350587
635,0.11389337006468003,1.1497643045999433,0.26980665697735484,0.4697617639385892,0.658058140365976,0.3655971903335124,0.6474553438371002,0.5603234691039527,0.3900038617149728,0,0.04695492748854307
636,0.11449655730577996,0.407790017733608,1.793039400395307,0.28914426540306565,0.52200791462342,0.667826863162102,0.46406305929831987,0.6104359179201383,0.5605784686565656,0,1.675087957933828e-13
637,0.5391945060984695,1.9191423926134805,1.31350100486738,0.7221333804528602,0.26158594743291286,0.4921048142520245,0.2792813759929973,0.2648400288306891,0.5303329473032503,5,1.1825564202000867
638,1.8719462237747595,1.6429304334319559,0.8313777854329619,0.556663765736712,0.7104689381225793,0.34901125097625774,0.28789768104983615,0.6124687818635068,0.32623808262551046,5,1.043925242775724
639,0.11061418765928588,1.006042264739852,0.1707092418065883,0.27323820068553356,0.3651044864464845,0.5409325850082171,0.7028121350772688,0.29183355877033457,0.3775124011902405,3,0.6846289691073477
640,1.5759606876250438,0.7565059757760784,0.959981824182247,0.452647611441889,0.40373469292538405,0.42977185219310315,0.45668252172173807,0.4481436572555896,0.7425211228197167,0,0.009974467076903621
641,1.686443331005858,0.19048112176727341,0.46455235566514463,0.5403738432415854,0.6386065692512257,0.6667325295654549,0.2601902539576611,0.30712817910841517,0.68973605664877,0,0.025309530904653304
642,0.7023721658039671,1.4425648845281545,1.3235216764110032,0.6901002395140934,0.5360221842885458,0.7473677084431136,0.33235504352519446,0.41883479390584916,0.434225766592943,3,0.6700206191926916
643,0.9497092377559205,1.312013835476369,1.92261556346946,0.6193891972257124,0.33187633583828524,0.41283423834953925,0.4073081803150988,0.34119615801134945,0.31990774136643585,5,1.1957408249498747
644,1.224784231120919,1.5535869297440614,1.7733886755544492,0.6167901567347066,0.35064569799689144,0.4684654059658464,0.5973044615433591,0.4291614422514235,0.6415057600651031,0,0.15294917035760688
645,1.5647450155439222,1.2972105009609114,0.7949184875036931,0.26193732835755495,0.5940499531536194,0.6033701471037012,0.6361363522967913,0.42132707947719805,0.48419800773683314,6,1.2912725169196153
646,1.6964169177844555,1.9745615560676726,1.787010023077157,0.2754652793544471,0.6830680788253687,0.27390781025186967,0.28908649845259615,0.7269125087057391,0.4278492175710209,0,1.8792105893092342e-05
647,1.4970237037706335,0.8258720859708306,0.6771538061190874,0.6495259517125276,0.30093659778155935,0.4083697982605013,0.3807897895210617,0.6939351615260707,0.2941764991983991,5,1.0903662649842918
648,0.7046503992407738,1.0266310661286016,0.9855258407271442,0.7316551266650422,0.2838169163830154,0.6330669968019587,0.4407026147299526,0.4879419839324245,0.4336845335217657,1,0.24015874705395987
649,1.9527726241354189,0.893582307316631,0.6074800417699063,0.4816474734044416,0.4743247881094243,0.613265035078986,0.3525144203003448,0.5302818821458739,0.2995519154589671,6,1.2236537675605386
650,0.7014025197464924,1.4887385593927815,0.9077804941968652,0.3191227343972884,0.2534888414738486,0.5914177174094335,0.26872999846563445,0.5109718705186193,0.6740411380870706,0,0.09245166935914217
651,0.4415436368941301,1.7496674192114228,1.0157271542327693,0.612324760361326,0.33932207951240073,0.5146663012648885,0.253807946784585,0.3860192649978512,0.2925296380327378,2,0.4533612902668899
652,0.2685697465032898,1.7178999975699767,0.6251407940113404,0.5283541889068928,0.26248752145503884,0.5410658830215404,0.6540523950332493,0.2544751697899851,0.6342732850317283,4,0.905315965755736
653,0.5088590740335359,0.5577568140474113,1.641852193993675,0.4567328302575084,0.6673088582410425,0.5096344398055057,0.5475341185794027,0.5659210312577374,0.35465322905801683,0,0.0021539983337786513
654,1.0011136344933038,0.40063145719017734,0.24026593861182527,0.2546004313994683,0.41167046686418884,0.7067271739840693,0.6064917753970716,0.6637445981315275,0.5187617105692809,1,0.39728341537530676
655,1.313840868391596,1.9345719123438172,0.12558443962923968,0.45181621020653123,0.6648180280886897,0.37923370900100867,0.5525378160304739,0.36402502287295646,0.561807965622735,8,1.7219927079112247
656,0.9825957217039861,0.8567501316159218,0.3643562347315019,0.5827177228639875,0.3010679096337479,0.35907412632369407,0.5545849972731746,0.3168988582861021,0.3420430306373784,6,1.2044604657945215
657,0.8957705348183187,0.381207805558734,1.4955410834974494,0.6501137171657501,0.7334228472495172,0.25131181654643,0.7203798526544388,0.5296554995618311,0.36022451774959996,3,0.6227620846149613
658,1.6891265815005354,1.129227649856574,0.9630181419288563,0.37415237106500204,0.5817866071076238,0.3634375629955024,0.34812095927515363,0.5977888892944601,0.7228368452744365,0,0.002214272066502962
659,0.2002230431399567,1.869564562712969,1.6112625199830435,0.26959335458250033,0.7096048664845155,0.6332989993508666,0.6228869714786376,0.733163117516178,0.3720088126411295,0,2.8300198944718512e-11
660,0.6307271751902198,0.5084081379471956,0.41201452396786953,0.2775804244711546,0.37328118058079596,0.6606780677312702,0.4661780167963935,0.6669653854913455,0.749808037043183,0,0.05591641094984597
661,0.5674313016267393,0.4698679358325243,1.0594069635691485,0.4518879633422898,0.7275968056425063,0.30239412886138883,0.3989199017361737,0.4289969384196155,0.5386705549040046,0,0.010703478984845157
662,1.4340105607191782,1.8270098730362532,0.5417661699629419,0.6046052423611163,0.5000210564473423,0.7498002553999907,0.5278700550162132,0.42713192998218186,0.6674076034920386,6,1.2015262694506892
663,0.8750212519797643,1.5577245218578175,1.0949663779405228,0.6819862017989208,0.6386508524869872,0.30041899139816586,0.551513911250959,0.42945702190779744,0.3228970899720666,6,1.3705351764313962
664,1.6169333882218042,0.7868109138858839,1.70533396950013,0.2920717214661744,0.2659241415986649,0.344773483907159,0.5090428653247224,0.40590279732783774,0.5216758380115998,0,0.00998797097491856
665,0.8051414411826837,0.705214207914803,0.7509235089257111,0.31118704285542204,0.6438264843384477,0.7286925526715982,0.692063536683303,0.2703214289981782,0.7030505784845401,7,1.54102650183209
666,1.3127805927257628,0.7185505106450253,1.8415283925925485,0.5952621493667963,0.3106556279552126,0.6784647115326119,0.41155558337022274,0.27132696007203017,0.5549431028025513,5,1.0082803343013111
667,1.9171626536457298,0.47058428717311584,0.31023719618707113,0.6551446652356308,0.7100491148580392,0.3491980078420384,0.6977108918929327,0.27675378052876276,0.4085240282778523,6,1.3688114828747298
668,0.6194846990876871,0.42871875889489863,0.44044767499351956,0.6403518811021007,0.7160586693606982,0.581438691194518,0.5363110850550572,0.25442821135290167,0.46456500089575536,5,1.0771771812277875
669,1.3377657401477783,1.1317853542241967,1.6475630164148571,0.3107061537130617,0.33452883346938683,0.5234705284297624,0.6204936015827027,0.5409954845534934,0.5972257417700229,0,0.006165422374172728
670,1.4749105295876541,1.7395248141685298,1.5056695267947426,0.3700237687284758,0.6800989321985691,0.6872493402585835,0.261483045341371,0.6947535212174166,0.3247908919791974,0,0.0014341037332834736
671,1.220533452974543,0.7895519746784846,0.9465178904947474,0.7372335784656936,0.4976397185810667,0.5452083934835591,0.658150252140152,0.6404978600184403,0.5654650615296672,1,0.19972250250352544
672,1.2778430146284545,1.6158845773286858,1.555084327253789,0.4796659393273506,0.3330148644575208,0.748187029381835,0.656063108322489,0.6571986856227812,0.37730703527279486,0,0.0015091329493906462
673,0.19162493676462106,0.6023994689910198,1.706769278316116,0.6826068239136389,0.6132599388334545,0.641955848880089,0.7154355684181923,0.4174059787776027,0.27872763064164796,0,0.0011450479007217922
674,0.5843550434666299,0.7571045729477505,0.9976691974517952,0.34103256204262783,0.5026189576037604,0.5461213486442416,0.391739476834827,0.2924508517846679,0.39373986551524026,5,1.1768875152575826
675,0.6186174743524094,1.417863824426765,1.6059629634693073,0.473829859244261,0.6345224138784498,0.7425614722417091,0.7377346886331551,0.5952769552241004,0.6268580678700799,0,0.0006989084934752515
676,0.11253034222250849,0.5054467446260844,0.4273298030538083,0.6241060119543198,0.45190786897649543,0.41501220559483376,0.6363027312677925,0.28739764270250384,0.33954398122991947,1,0.3468768993557668
677,1.7874427694395054,0.9265535068789182,0.5554700247026091,0.2707938101483238,0.39686727972138286,0.5915583678100715,0.5558949754682081,0.7267975563762975,0.571988934488777,0,0.05334909337245302
678,0.6453800106265583,0.14331529875035837,1.008334739059497,0.5095359066016784,0.3162577849905334,0.2800797069447055,0.40205431006621434,0.6644103092615861,0.49301740395278,0,0.0006493684816188562
679,0.8822276212443861,1.86007685700211,1.5288442772787192,0.3248117399929887,0.34230827512976686,0.4581910169349465,0.6908999800449467,0.669483267794964,0.3037081817031933,0,0.0003737939024208975
680,1.6445013926808105,1.8364618966447321,1.5761491318399192,0.3125600573869746,0.5755595715209954,0.5929880086919401,0.25316360793357656,0.39334400725230395,0.5277433400785598,4,0.9043357198647082
681,0.7866467803067736,0.28871583694777647,1.5603440756832903,0.253296593265579,0.5904110846695274,0.6489571102758387,0.6046340504167258,0.32627578643079724,0.35581132239747043,3,0.6088758892957071
682,0.6420446025477023,0.6870277967057917,0.3933202336828959,0.41639168273820343,0.6183822128899276,0.41175177678171254,0.6544978581998588,0.7019432395297875,0.741404193517764,0,0.055153289495133415
683,0.9481695529312136,1.0055136968030443,1.6742556639221782,0.4284155424270809,0.47739948655524306,0.6790960671326416,0.44252638749727513,0.34956871541268153,0.4609513486507447,6,1.2325047311654436
684,1.3899762937076843,0.8005410651276404,1.4396320809633893,0.25869376440942693,0.6086554767171208,0.6067077292814309,0.569665675569254,0.3772135672608233,0.702313809475134,1,0.2968793705873006
685,1.6112935065689507,1.5719052723600662,1.846675746980247,0.5432089319190228,0.27816708288322617,0.7390729459597283,0.7343751240519479,0.538438490212813,0.3075344136387896,0,0.05959163205990892
686,0.41221829468081106,1.0492089179705217,0.37370175448240817,0.6847252116347142,0.6275979489541514,0.43746485043773253,0.48720829702601415,0.575195026580335,0.6394552547028229,1,0.23545200750427742
687,0.8159629329419702,0.9656619512929691,1.7022505200458673,0.7296692864146208,0.30986531118043686,0.6678828283547554,0.2669502688559471,0.31773887147764696,0.49279437467160325,5,1.1195935766685674
688,0.5877451675111128,1.7351808029318365,0.29396839062415137,0.35791286009509204,0.5443033568503155,0.7165918565787972,0.516103363209454,0.6980198955387269,0.43931017233855474,1,0.2632059750754966
689,0.620979208770356,0.9962719708308784,0.26400282199213654,0.6498860546854967,0.4156667203238936,0.3562024356203931,0.525607392262208,0.7224067258428042,0.2645955091267597,2,0.5320386204215323
690,1.3113241830120643,1.4497332765653104,1.4171059172821028,0.4302798857231999,0.582318451058715,0.6953156749017614,0.29352386113074647,0.3774245021510586,0.3204839778235773,7,1.506813983734722
691,0.5741041830391267,0.3551384225823647,0.5336190940575741,0.6730724690833699,0.6264206582051939,0.5172467334862834,0.7364400527149075,0.6070283673570817,0.257277060743883,4,0.9193498628490764
692,1.4760219883617334,1.5731150753053267,1.2868752162987631,0.436524267151296,0.6628947774884422,0.45736394366287336,0.6749214577130391,0.4526255440745008,0.723634374791927,0,0.09634108378715593
693,0.22535556856192585,0.5111608538300241,1.9905764229636513,0.7076930098046376,0.7165746935695555,0.33125188653306226,0.2541374790198729,0.3594250672398894,0.45598314876698304,0,0.0023285962243595293
694,0.4803422723621651,1.3137087177479747,1.0417396934031664,0.7294401319732617,0.6357360277388849,0.4320228175631851,0.4699303418698852,0.3114619363726797,0.4334019713514276,6,1.2529954457024857
695,1.5018753507007787,0.8196690297243965,0.4755486155851718,0.6204253698150899,0.6068369587884754,0.4396440828871348,0.3402014252264303,0.5749957969098303,0.2744501202770721,6,1.3020193219019682
696,0.6044450072234944,0.49263241200281194,0.2364866428907856,0.5990432730482018,0.5971782519288047,0.33761431735827935,0.4790138195541139,0.5167902780680167,0.4723988659872504,3,0.737808552988319
697,0.8618360158586279,1.7525939192827105,0.2590234638124651,0.3430900406522743,0.4127673321070349,0.6967913815170427,0.6745499728615979,0.31733218604776947,0.3436652934669894,6,1.3713318258141898
698,0.29523110570691724,0.6609823333978976,1.334322083043099,0.5795891194978915,0.327388846604716,0.3690960248160284,0.7112218864317147,0.3182496221975198,0.3240824247329293,2,0.5291102516835466
699,1.074254185540828,1.350601558754996,0.7352051283595379,0.5383002169569855,0.5933264693099005,0.4665326554568462,0.693240474060149,0.28745743515863653,0.7065995506654914,7,1.573235558538605
700,1.2144930336313235,1.5199730322465903,0.912418330698549,0.7132598547585742,0.35872104361489127,0.27448714189639156,0.46106981599595026,0.43327655219876365,0.31746517897300947,6,1.2679456459189125
701,0.41203681412871207,0.24973275818281213,0.6931224022394383,0.2917399777745967,0.464709227372369,0.3774410730811714,0.5615932048781678,0.6452261420570504,0.2952036050203835,0,0.00879783928250061
702,1.8330188805301402,0.16089676069624412,0.11582410110348301,0.44863820139767285,0.7105648902556503,0.5681733096919108,0.5290589134774206,0.5284265979591672,0.7013890346306875,2,0.5507710556135869
703,0.8747519064282993,1.2167269940229126,0.6975190329195414,0.4877183665161851,0.5695929978648666,0.7221834905039171,0.3660563350319356,0.32408010981901236,0.6603531459245537,7,1.4195075066596932
704,1.9006194670317917,1.7385416024012448,1.6034400911804116,0.3975413429929167,0.6796555084999918,0.5293155142505122,0.32556860945595567,0.3509572833850053,0.3850806007736881,5,1.0316976065902879
705,1.5060099926519581,0.238304918995341,0.6594980699854001,0.5622975688604295,0.4570348899839996,0.4406591607992069,0.25906472179255036,0.4230738543649892,0.2773518897586737,4,0.9085151281163045
706,0.27659271887309866,1.6441959921667082,1.2854360607243978,0.651609244996118,0.255806887474265,0.6847663059466946,0.7319618562177467,0.37081675230755934,0.3258730348654074,0,0.14988132661399875
707,0.3324365704565566,0.776950165869746,0.9721524098008086,0.5056743279702131,0.3641478791564323,0.4435470048432539,0.3705107427165984,0.35905491896744574,0.26151839401299537,2,0.46607966561790626
708,0.973708386018297,0.549951270527945,1.1466714226336805,0.5002599545772698,0.6155823989163806,0.5379928297023241,0.6834141389953331,0.6685751423729991,0.5851506720991412,0,0.004190159100340727
709,1.9547239799692333,0.654027267828303,1.7032845413078221,0.28756292108580744,0.3537082802602623,0.27729120872798013,0.45938555129697967,0.5854163275241744,0.6723860587883725,0,7.575573338162943e-07
710,0.20432352133140885,0.49349640989664445,0.3889569321642571,0.5323601582468085,0.26692986067991253,0.26669868173213324,0.6696438292165264,0.6601364138493593,0.4260300713805336,0,0.013691469181795122
711,0.9372869237846376,1.073762114492586,1.1126759030120057,0.6803455251906414,0.4181173627350905,0.26164778023776347,0.6969398664446986,0.4090582266833553,0.651680298363444,0,0.020607500216867157
712,1.1900019008672673,1.0936110503343957,1.5597099708507987,0.7392026256569342,0.7158921128604196,0.6493035480188241,0.6333233103460707,0.5045561384184003,0.2821836686001617,9,1.8430817667342558
713,1.0219024018410188,0.4225350926926087,1.1776308872145442,0.3198548503617837,0.38673647363111013,0.35079119969035877,0.6805287809289041,0.7330763816803116,0.348803977462399,0,0.002292793197316785
714,1.3363638519934395,0.6827107578488811,1.2149235750561505,0.5088696011268286,0.6780909545435411,0.6813938609961808,0.6684149192865001,0.7100292812130573,0.6758470246568471,0,0.0024352552898414923
715,1.4955084828397844,0.3774036908271734,1.7804185197825004,0.6849954365164561,0.5127578247147977,0.6431781894817268,0.5321519294749593,0.5880532579712492,0.6412997984119424,0,0.00014174494382811583
716,1.307165667369541,0.4460290876743962,0.7604560667236102,0.27643539246859017,0.5874362308810626,0.44587452593499294,0.5303307717027099,0.30911351783345486,0.7168814728830062,0,0.045570910838634016
717,1.4448862581543058,0.3908743120574434,0.6819876391282939,0.3160329900254374,0.5097473351998749,0.3823279488482052,0.6622045073237601,0.39778412401884927,0.5575974409143787,0,0.10110177225523884
718,0.19539649655593574,0.2753922933840417,1.1214473567179253,0.2924014411262444,0.48077287158121557,0.3345978201734079,0.2669561724596422,0.3348041025408655,0.5956179650946067,0,0.00031151816416718185
719,0.2855718886187786,1.88818048109746,0.11362252085528796,0.7242914119113175,0.5890070201255775,0.5686620517583534,0.5494530883218172,0.6531581262479016,0.603967485728216,3,0.667824361013861
720,1.6054962814896347,1.5330765009083316,0.7301307809637125,0.27175736126746813,0.6547771639837114,0.41410026184987503,0.6893192167767621,0.5121170996385445,0.4784791548879954,3,0.64498933035913
721,1.2658744382446079,1.9510865528715364,1.4216673358984562,0.5124227144572189,0.325974665112912,0.30681924520653187,0.41237159130579965,0.3391017307762301,0.6740688269917632,0,0.016475574438114683
722,0.3499067509230307,0.1053711583237195,0.13117543550538585,0.36931338921462864,0.49223911134662096,0.2748414912841673,0.380687084934968,0.6919420435652817,0.3464960552659679,2,0.4720519011509159
723,1.2759821469451489,1.0842130036454198,1.2157010761169533,0.4322469910390004,0.4817407227903073,0.5016490224903196,0.5829973479184957,0.41767670623110875,0.6188325577339273,1,0.2860932282782122
724,0.6474535056600541,1.0671421139189032,0.4423794280901836,0.5637613478259731,0.3983134521280238,0.25496976347939393,0.5813457917484952,0.7391530750271239,0.365630754493095,0,0.17893489009467498
725,0.9737448266402278,1.0260972449827142,0.5996497529339984,0.5922284689157886,0.45061031456500367,0.311561724264841,0.3784404181495527,0.2921226532249102,0.6159115189105129,1,0.2900304961539781
726,1.9170903511253063,0.6773627976494854,0.3768531259829153,0.516703995466536,0.5519261842816874,0.6543496211585046,0.5440430932231747,0.39797113765731484,0.5727581300724441,4,0.8851811033066821
727,0.5701635941130564,0.11853931997476047,1.7332473658512488,0.7117932102456357,0.7134518780548313,0.6300605470860461,0.4887637889150177,0.3401652277556446,0.730514419739259,0,3.77006137283993e-09
728,0.12699607280214956,0.6356194765053358,1.2240581736686689,0.3506972083356682,0.6341396154525263,0.4853237696537113,0.25874365619188827,0.2630124573443477,0.6752097136001523,0,0.12897285651188076
729,0.7083424849761589,0.36731384550296564,1.0374517264930605,0.6013835674413428,0.594936932490113,0.6814954566417556,0.5794963025778632,0.5951670625074519,0.31751018934634184,2,0.48667108198058695
730,0.18665613777150358,1.114711778986533,1.3427305692362506,0.5882195164685531,0.39455229403233233,0.6120494779150155,0.31405129944121535,0.6150143783845182,0.4241054864551464,0,2.5750054559318706e-07
731,1.275235124035602,0.18837678947587844,0.525265578920817,0.6766274964986547,0.6977186354114593,0.7415456463886916,0.3839681844992479,0.7034539456192554,0.6633512859038384,0,0.01928249401091707
732,1.4941849408330228,0.8838132752602768,0.8260819175491481,0.512570690937955,0.4727271053773451,0.30851268598140064,0.31173353892790323,0.48571702411469514,0.6260943357513937,0,0.04256663207363798
733,1.4793778206279045,1.7434731623464632,0.77268067814478,0.3863828827901873,0.5780866730750072,0.2768300389382273,0.5515350843655159,0.60071413318906,0.2572656874865855,4,0.8101415098533167
734,1.9299168896168035,1.0016762947788052,1.9805491570578342,0.5852088700950397,0.28509707560500713,0.2764606941124475,0.43965302566742964,0.6255785085469561,0.6750544927141281,0,4.020418722767159e-05
735,1.1163074417148229,0.7388228177216615,0.5747426219020841,0.39416645935657074,0.2657174723656185,0.27311485886896425,0.25430938525439717,0.2873444750821283,0.25701519222708646,5,1.034122300725985
736,1.717436731561018,0.8399088842204055,1.0878772407211863,0.6375032977110235,0.5527048660195983,0.5194517283585163,0.742385363335616,0.4042084496725029,0.6100181849002388,1,0.3517714208376646
737,0.5512453953710266,0.7813336362100834,1.9666771952581947,0.5799397983081283,0.49636946623972633,0.5707180361871353,0.5810315758342142,0.6212009583865039,0.7450806053028176,0,6.879970573065162e-06
738,1.7413991935820674,0.48174080897156424,0.49834711743223303,0.47544335138472765,0.5961165053737403,0.3615261082355096,0.3044952727248934,0.25803326172823604,0.6463800055602331,0,0.12931959440898882
739,0.6331054174857979,1.0910009793221596,0.888827343655119,0.5620608197435493,0.7428873135958239,0.6477964652224335,0.5110069750318849,0.6130159804648521,0.5221862550403753,0,0.031710623655818095
740,1.5962004493971516,0.4449221602088298,0.8622703797006128,0.4370090955529003,0.3760177963681017,0.42531143661565757,0.7313465296940079,0.49371696403859483,0.6204622731742222,0,0.026282606963112975
741,0.7005452279996707,1.8378461325265336,1.5005213879383228,0.2845291131289235,0.7142892845646294,0.2855063436461932,0.25441345536383686,0.45560007402326025,0.5716640051716857,0,0.0013180607672434296
742,1.6658276573119681,0.5695389536356287,1.288158621019631,0.39408130519696355,0.6504461514843072,0.3630116659046406,0.6367340361191883,0.34278508471810365,0.5894684775133763,0,0.025389675981239854
743,0.11362093788935274,1.2455703268945872,0.8068407431896878,0.42026012893593334,0.28833494919683306,0.6195295687745002,0.749434975617713,0.38851325688343197,0.5588189199335309,0,0.006105194079511027
744,0.9661244724483157,1.6963722184453183,0.25213450834106793,0.4012706973980805,0.28585707916655695,0.7365567748898691,0.2515856546069214,0.2917080172861985,0.3406947056883226,6,1.2935985886720158
745,1.5922613711610218,1.8433147713896674,1.9755463925672896,0.6943393598175294,0.7401097412663784,0.3947287903935503,0.500462972696167,0.39451393205514573,0.3949014142128077,7,1.4821220188982662
746,1.9401614628248993,1.7252061663216178,0.2751954099151308,0.6980064565827394,0.28957380190378823,0.4132301513803893,0.4411709529871737,0.6866828469395522,0.45627422384755606,4,0.8087115516342409
747,1.9759841618145557,0.43792750589036855,0.3932107689164672,0.6283053672507924,0.3137333232836733,0.6318582594137401,0.4332957808863789,0.2502781553771036,0.5791585787295329,2,0.43956407558036875
748,0.13043074279510625,1.0309024338456678,1.5303259214526486,0.41096551967445905,0.608616539374165,0.5112799282027052,0.40648987786355767,0.3864915053837269,0.33406377252084624,0,0.00024327758621171957
749,1.5003343803837645,0.470370552349921,0.5539850281735608,0.6916405439792253,0.26004348534920174,0.6063782850187249,0.4817910160443517,0.6349340954958,0.6858487448884958,0,0.08590919269768621
750,1.7870229376885007,1.5257735460730257,1.9005791395471647,0.3372427728063758,0.6778376860030456,0.706030061520617,0.34116850499441864,0.5603133267564121,0.43736267867970274,0,0.04506592437331995
751,0.656796379451339,0.8834355463186115,0.5204371012091951,0.3640653750544305,0.5186014679921738,0.4586048242965278,0.25844832059241135,0.6836965060292417,0.5955237037405108,0,0.033871968264952944
752,0.6917364779044191,1.9088228206561348,1.1586240985516658,0.3224477071862906,0.6979732298464179,0.6999850679770643,0.27039571450720534,0.5571920842504977,0.665929036266276,0,0.028894890728887672
753,1.0976675338002717,1.0583155618430298,0.5875389701245637,0.37749531239089207,0.6385455475795216,0.5134321899397936,0.43170510541882845,0.4726091957184089,0.39566487848964615,4,0.88029300141734
754,0.2749437772355688,1.6998752380330624,0.21522511663818658,0.616886399058735,0.6626479563130618,0.5071990837246014,0.706096041655611,0.4884676891937589,0.48070992538346824,3,0.601703667642225
755,1.8715081340343274,0.7966306514225691,1.9643565096377922,0.38752267737700674,0.4690120928043036,0.2880717662117722,0.33717675022336296,0.3851312536030426,0.33155329584375326,4,0.8448669250980585
756,0.6498328174020059,1.0800051691377306,0.16605665661891406,0.33078756540178916,0.30527633560647505,0.7263754723442621,0.7129862131801129,0.6927942821108438,0.29326427690960816,2,0.5135602925578556
757,0.6244248109372743,0.7250206705766236,0.147488492253327,0.5888863462681009,0.5051182806630351,0.648791419528482,0.3366270872948634,0.7302004436537042,0.30244800484037504,4,0.873597618585971
758,1.0236934026477453,0.4722953779148249,1.0901534569222513,0.30922447331049435,0.7343120958692477,0.5198836768974855,0.2746081524398508,0.46564263617353363,0.29099270466413013,3,0.6328823706647919
759,1.521807167955495,0.9682738377166418,0.34170943791468866,0.40479666941175385,0.5841939543095477,0.6763637867260749,0.7091132230547271,0.39174168752667216,0.747539263399756,6,1.3631706725664985
760,1.9631880959935968,0.8470899322620582,0.44827471800329055,0.39226986159224936,0.6180118806655468,0.29853107598546474,0.4487566561745811,0.577641832069316,0.7294944902157434,0,0.09200073534504265
761,0.8562071289754366,1.129977937140579,0.4021630052186427,0.33008087274522085,0.5538440169036124,0.6772260255980098,0.6742539345781721,0.5016040564831121,0.665780204439994,3,0.7319253799465955
762,1.2609911232183695,1.2719392625333832,1.1431907698205466,0.2587192486261464,0.2772281811335169,0.6451766381804981,0.2809468156713374,0.6838016527861632,0.41463741511091834,0,0.003181978073301372
763,0.5598825152327838,1.278551793141826,1.8109953189639538,0.7478849194357864,0.5501321889235967,0.25340502927200964,0.6411915096572387,0.6518663955048456,0.3078018431443375,0,0.04812348078560842
764,0.5623102107245974,0.8752824910553638,0.41137552436668245,0.5183828736242353,0.6163554265800038,0.5779532491908208,0.3800869349198658,0.3217973000891041,0.7495039759292047,4,0.9869173861186726
765,1.2541886653769063,1.0866646856783946,1.7729940288605839,0.6680953596442627,0.6127520942052722,0.6480080602595888,0.3840151485105324,0.3666693431438537,0.6224997112279915,3,0.6937916816985412
766,0.8705294500836023,0.28431588702355753,0.746546145011387,0.28948806970028734,0.5576803639445472,0.4880398688135037,0.5962207937796669,0.6184626920299392,0.6277653786621553,0,0.001800498492273111
767,1.4516081111106875,0.3720261392533203,0.46390375029648956,0.5542766582478624,0.3612823793692264,0.4880323673776365,0.7237220968373874,0.5450936978815526,0.331631822310368,5,1.142995662621531
768,1.0742696461531727,0.656601715512396,0.6842672906451457,0.5884998779417929,0.6077240803883972,0.480281411572594,0.5828708611947069,0.7478787541434873,0.33528225931868655,3,0.7198644428457358
769,0.708625250065346,0.6571254303019172,0.5512298915925744,0.5955194671449557,0.7195395686106157,0.36026035822591707,0.3659229856948851,0.28914961916101317,0.34190183724440426,5,1.1029994861600931
770,0.845734854529673,1.8254805339057818,0.34737843389475415,0.5593469022332833,0.30554681168263953,0.38967277748756907,0.6040917609271532,0.3033620872178409,0.30201944659934504,6,1.2166934955218298
771,0.22808232231322886,1.934284974616993,0.5893718989931358,0.3538706808584532,0.7363753713396481,0.3012170798728498,0.3694220730874939,0.4109445075914532,0.6113102874143959,0,0.1077200923993427
772,1.435550975644097,1.3391531663891638,1.3203824349955027,0.38212473642518335,0.4160178095948634,0.4808090093580702,0.6403288726071206,0.5316330135788838,0.29787453118689283,1,0.22383911172504573
773,1.1999664477588259,1.8950825836279463,0.2046511022985465,0.7308489490611644,0.41010454310132677,0.4802703735182602,0.4670946488560986,0.33344845518230254,0.4392496233265507,7,1.4786303704385602
774,1.2606073725595002,1.6929061766940041,0.14471911443825233,0.262265820520844,0.429788921634733,0.5540315676184695,0.5251943842420614,0.30935599006631104,0.34629259288142206,8,1.5999985460524686
775,1.9512384565729652,1.1749182799902782,1.137953614000176,0.3832981205372362,0.4391490901698919,0.4743649378385085,0.3667650652928945,0.749926993724989,0.25597030928827874,0,0.058093120054612694
776,1.5568134951406802,0.9777437297358514,1.76512480140732,0.5432035838403219,0.42983278468409974,0.4637099454066844,0.49769918298431937,0.7188519508040357,0.635027696372614,0,0.00022284860409184988
777,1.011998833568,1.1032808702171177,1.8050964681218706,0.27171315137309,0.31271643438154784,0.4999370765472639,0.29157050810440976,0.42546327369546594,0.3080649499976389,1,0.35158947168942967
778,0.8796361374267566,0.935010268644053,0.390318125825449,0.3814776371272193,0.3866080134709798,0.5423253818563595,0.30763474954723724,0.6280292972314108,0.5165798141367812,1,0.23663030333158638
779,1.692211790032351,0.36077117059921215,1.0579766600874214,0.6876039235140881,0.4965063813111508,0.602830682720315,0.2654835877215347,0.6067207928296687,0.4914375954069206,0,0.10007519801816464
780,1.845679078657592,0.9149099232341074,1.6577976917188284,0.31910085029344193,0.5795608180263243,0.4401152712086554,0.48105319863121787,0.6863798448135177,0.5821554672752979,0,3.573032769363078e-05
781,1.677813065742458,0.7727823060939244,0.23272132882407934,0.4916982208170049,0.2720022516995021,0.29188207000021643,0.6146815088677968,0.3151872534545312,0.7132028347303525,4,0.8107382847857768
782,1.6991730444495414,0.970458334962218,0.4632612246268484,0.323319313473286,0.6457365594341165,0.26683933536270743,0.5772258586255681,0.4913630278807396,0.6661304713964258,0,0.189705532795788
783,1.4233335261953857,1.7899876504949945,0.9031510291315469,0.7061790840033302,0.4020109820500835,0.5117205301448433,0.5276883767876459,0.372407775687639,0.3450754656160425,6,1.2646899985754674
784,0.5026547626151416,1.559307833075489,1.8135251974947768,0.6897214593561194,0.7319404538343794,0.4693938184975293,0.48895885873258865,0.6131495740554154,0.7001984853203148,0,3.658685605070463e-05
785,1.753481019478877,1.5546418258893338,1.394697969096815,0.688951409405965,0.3296513113092146,0.6665702350111796,0.41726058624520246,0.7209711741565497,0.504645541888384,0,0.005966533052497784
786,0.28346091079084634,1.502683924334319,0.5547637400939319,0.32958075400361914,0.4655589133355397,0.4003830125610802,0.44046959148764914,0.646658731021319,0.32033137824668406,0,0.00817098120991078
787,0.6476996374538486,1.2630163748040435,1.5884169880380798,0.7365890120057262,0.6903456300734435,0.30998853304773916,0.5200292502217323,0.3716137774137815,0.4197515922936768,3,0.6955554838854394
788,0.8087936928321959,0.8177253139951333,1.1079053817305744,0.6266417213371633,0.5242958479287909,0.38748543163071575,0.3450641377079302,0.46546654223923734,0.5300842639087207,0,0.09605871917668098
789,1.668941164770888,0.35126217266307036,0.33030072814100186,0.33420308118167413,0.6257715499967846,0.7233170057686251,0.4394655453947004,0.3075102746374035,0.4168072052297784,4,0.9382359693483394
790,1.2999352128119352,1.5568715279616092,1.1869883275731334,0.5686328264308196,0.3030731749123026,0.5232838246769814,0.5566786913797246,0.37793512021758885,0.4595369437730749,4,0.8519075690735671
791,0.5822963123095297,0.164775452626172,0.34038993096282055,0.4102330389562161,0.40162740081343523,0.3986006034318987,0.5329398274863536,0.38812465230077514,0.25929788419884364,4,0.8086493863246469
792,0.14195209039912704,1.8416630229176953,0.4807577630185369,0.6525691659547839,0.41320731134857114,0.7171148840255668,0.312970345479785,0.44878330817610956,0.6102280131257363,0,0.03914735974465155
793,1.9190385768714064,1.3751752072116352,0.8255360174542631,0.29950867507541307,0.579785559675347,0.3383418862708855,0.32452861404715994,0.6020447422914261,0.7133663911125986,0,0.004337036629839794
794,0.13753708559136094,1.9682759565137722,0.15622852176674534,0.37963802820900255,0.5913445249935536,0.4738253896316156,0.6407183407986414,0.6842570865560675,0.2692804470449723,0,0.14066285068833728
795,1.464892267788632,0.38791335118917747,1.661701973818037,0.6716441606516452,0.3613242611328251,0.6124071650952618,0.35449718159728444,0.5853850546081527,0.6756551884538775,0,7.364839098394498e-05
796,0.9968273216349253,1.815543670801294,0.20677635334998698,0.33362912872709233,0.3956551738867594,0.31823997866257814,0.3799816490238803,0.33801810089079937,0.5139470205540833,5,1.0857870202873998
797,1.889184182631461,1.5974681116470062,1.6067465959417346,0.5703141670908701,0.4741354902779161,0.6003532191962193,0.2622308974045172,0.7333923514303229,0.33945541328584194,0,0.03248027562294165
798,0.1818722878837271,1.4992159246269654,1.5834638203638163,0.4579153557751157,0.2921801426188198,0.30905436444839973,0.5187086213496497,0.3496706227984145,0.29353136384041306,0,0.018599281069020795
799,0.1920396631293814,1.693951115967268,1.4942619302246696,0.5477203665927056,0.49369952203976203,0.6219139385745168,0.4609748846154247,0.7026474741184052,0.39514867724163855,0,5.744066670754092e-10
